66 86
2 10 10
1 10

2 1 9 19 20 XOR
2 1 9 19 21 AND
2 1 8 18 22 XOR
2 1 22 21 23 XOR
2 1 8 21 24 XOR
2 1 18 21 25 XOR
2 1 24 25 26 AND
2 1 26 21 27 XOR
2 1 7 17 28 XOR
2 1 28 27 29 XOR
2 1 7 27 30 XOR
2 1 17 27 31 XOR
2 1 30 31 32 AND
2 1 32 27 33 XOR
2 1 6 16 34 XOR
2 1 34 33 35 XOR
2 1 6 33 36 XOR
2 1 16 33 37 XOR
2 1 36 37 38 AND
2 1 38 33 39 XOR
2 1 5 15 40 XOR
2 1 40 39 41 XOR
2 1 5 39 42 XOR
2 1 15 39 43 XOR
2 1 42 43 44 AND
2 1 44 39 45 XOR
2 1 4 14 46 XOR
2 1 46 45 47 XOR
2 1 4 45 48 XOR
2 1 14 45 49 XOR
2 1 48 49 50 AND
2 1 50 45 51 XOR
2 1 3 13 52 XOR
2 1 52 51 53 XOR
2 1 3 51 54 XOR
2 1 13 51 55 XOR
2 1 54 55 56 AND
2 1 56 51 57 XOR
2 1 2 12 58 XOR
2 1 58 57 59 XOR
2 1 2 57 60 XOR
2 1 12 57 61 XOR
2 1 60 61 62 AND
2 1 62 57 63 XOR
2 1 1 11 64 XOR
2 1 64 63 65 XOR
2 1 1 63 66 XOR
2 1 11 63 67 XOR
2 1 66 67 68 AND
2 1 68 63 69 XOR
2 1 0 10 70 XOR
2 1 70 69 71 XOR
2 1 0 69 72 XOR
2 1 10 69 73 XOR
2 1 72 73 74 AND
2 1 74 69 75 XOR
1 1 20 76 EQW
1 1 23 77 EQW
1 1 29 78 EQW
1 1 35 79 EQW
1 1 41 80 EQW
1 1 47 81 EQW
1 1 53 82 EQW
1 1 59 83 EQW
1 1 65 84 EQW
1 1 71 85 EQW
