143 185
2 21 21
1 21

2 1 20 41 42 XOR
2 1 20 41 43 AND
2 1 19 40 44 XOR
2 1 44 43 45 XOR
2 1 19 43 46 XOR
2 1 40 43 47 XOR
2 1 46 47 48 AND
2 1 48 43 49 XOR
2 1 18 39 50 XOR
2 1 50 49 51 XOR
2 1 18 49 52 XOR
2 1 39 49 53 XOR
2 1 52 53 54 AND
2 1 54 49 55 XOR
2 1 17 38 56 XOR
2 1 56 55 57 XOR
2 1 17 55 58 XOR
2 1 38 55 59 XOR
2 1 58 59 60 AND
2 1 60 55 61 XOR
2 1 16 37 62 XOR
2 1 62 61 63 XOR
2 1 16 61 64 XOR
2 1 37 61 65 XOR
2 1 64 65 66 AND
2 1 66 61 67 XOR
2 1 15 36 68 XOR
2 1 68 67 69 XOR
2 1 15 67 70 XOR
2 1 36 67 71 XOR
2 1 70 71 72 AND
2 1 72 67 73 XOR
2 1 14 35 74 XOR
2 1 74 73 75 XOR
2 1 14 73 76 XOR
2 1 35 73 77 XOR
2 1 76 77 78 AND
2 1 78 73 79 XOR
2 1 13 34 80 XOR
2 1 80 79 81 XOR
2 1 13 79 82 XOR
2 1 34 79 83 XOR
2 1 82 83 84 AND
2 1 84 79 85 XOR
2 1 12 33 86 XOR
2 1 86 85 87 XOR
2 1 12 85 88 XOR
2 1 33 85 89 XOR
2 1 88 89 90 AND
2 1 90 85 91 XOR
2 1 11 32 92 XOR
2 1 92 91 93 XOR
2 1 11 91 94 XOR
2 1 32 91 95 XOR
2 1 94 95 96 AND
2 1 96 91 97 XOR
2 1 10 31 98 XOR
2 1 98 97 99 XOR
2 1 10 97 100 XOR
2 1 31 97 101 XOR
2 1 100 101 102 AND
2 1 102 97 103 XOR
2 1 9 30 104 XOR
2 1 104 103 105 XOR
2 1 9 103 106 XOR
2 1 30 103 107 XOR
2 1 106 107 108 AND
2 1 108 103 109 XOR
2 1 8 29 110 XOR
2 1 110 109 111 XOR
2 1 8 109 112 XOR
2 1 29 109 113 XOR
2 1 112 113 114 AND
2 1 114 109 115 XOR
2 1 7 28 116 XOR
2 1 116 115 117 XOR
2 1 7 115 118 XOR
2 1 28 115 119 XOR
2 1 118 119 120 AND
2 1 120 115 121 XOR
2 1 6 27 122 XOR
2 1 122 121 123 XOR
2 1 6 121 124 XOR
2 1 27 121 125 XOR
2 1 124 125 126 AND
2 1 126 121 127 XOR
2 1 5 26 128 XOR
2 1 128 127 129 XOR
2 1 5 127 130 XOR
2 1 26 127 131 XOR
2 1 130 131 132 AND
2 1 132 127 133 XOR
2 1 4 25 134 XOR
2 1 134 133 135 XOR
2 1 4 133 136 XOR
2 1 25 133 137 XOR
2 1 136 137 138 AND
2 1 138 133 139 XOR
2 1 3 24 140 XOR
2 1 140 139 141 XOR
2 1 3 139 142 XOR
2 1 24 139 143 XOR
2 1 142 143 144 AND
2 1 144 139 145 XOR
2 1 2 23 146 XOR
2 1 146 145 147 XOR
2 1 2 145 148 XOR
2 1 23 145 149 XOR
2 1 148 149 150 AND
2 1 150 145 151 XOR
2 1 1 22 152 XOR
2 1 152 151 153 XOR
2 1 1 151 154 XOR
2 1 22 151 155 XOR
2 1 154 155 156 AND
2 1 156 151 157 XOR
2 1 0 21 158 XOR
2 1 158 157 159 XOR
2 1 0 157 160 XOR
2 1 21 157 161 XOR
2 1 160 161 162 AND
2 1 162 157 163 XOR
1 1 42 164 EQW
1 1 45 165 EQW
1 1 51 166 EQW
1 1 57 167 EQW
1 1 63 168 EQW
1 1 69 169 EQW
1 1 75 170 EQW
1 1 81 171 EQW
1 1 87 172 EQW
1 1 93 173 EQW
1 1 99 174 EQW
1 1 105 175 EQW
1 1 111 176 EQW
1 1 117 177 EQW
1 1 123 178 EQW
1 1 129 179 EQW
1 1 135 180 EQW
1 1 141 181 EQW
1 1 147 182 EQW
1 1 153 183 EQW
1 1 159 184 EQW
