31 41
2 5 5
1 5

2 1 4 9 10 XOR
2 1 4 9 11 AND
2 1 3 8 12 XOR
2 1 12 11 13 XOR
2 1 3 11 14 XOR
2 1 8 11 15 XOR
2 1 14 15 16 AND
2 1 16 11 17 XOR
2 1 2 7 18 XOR
2 1 18 17 19 XOR
2 1 2 17 20 XOR
2 1 7 17 21 XOR
2 1 20 21 22 AND
2 1 22 17 23 XOR
2 1 1 6 24 XOR
2 1 24 23 25 XOR
2 1 1 23 26 XOR
2 1 6 23 27 XOR
2 1 26 27 28 AND
2 1 28 23 29 XOR
2 1 0 5 30 XOR
2 1 30 29 31 XOR
2 1 0 29 32 XOR
2 1 5 29 33 XOR
2 1 32 33 34 AND
2 1 34 29 35 XOR
1 1 10 36 EQW
1 1 13 37 EQW
1 1 19 38 EQW
1 1 25 39 EQW
1 1 31 40 EQW
