171 221
2 25 25
1 25

2 1 24 49 50 XOR
2 1 24 49 51 AND
2 1 23 48 52 XOR
2 1 52 51 53 XOR
2 1 23 51 54 XOR
2 1 48 51 55 XOR
2 1 54 55 56 AND
2 1 56 51 57 XOR
2 1 22 47 58 XOR
2 1 58 57 59 XOR
2 1 22 57 60 XOR
2 1 47 57 61 XOR
2 1 60 61 62 AND
2 1 62 57 63 XOR
2 1 21 46 64 XOR
2 1 64 63 65 XOR
2 1 21 63 66 XOR
2 1 46 63 67 XOR
2 1 66 67 68 AND
2 1 68 63 69 XOR
2 1 20 45 70 XOR
2 1 70 69 71 XOR
2 1 20 69 72 XOR
2 1 45 69 73 XOR
2 1 72 73 74 AND
2 1 74 69 75 XOR
2 1 19 44 76 XOR
2 1 76 75 77 XOR
2 1 19 75 78 XOR
2 1 44 75 79 XOR
2 1 78 79 80 AND
2 1 80 75 81 XOR
2 1 18 43 82 XOR
2 1 82 81 83 XOR
2 1 18 81 84 XOR
2 1 43 81 85 XOR
2 1 84 85 86 AND
2 1 86 81 87 XOR
2 1 17 42 88 XOR
2 1 88 87 89 XOR
2 1 17 87 90 XOR
2 1 42 87 91 XOR
2 1 90 91 92 AND
2 1 92 87 93 XOR
2 1 16 41 94 XOR
2 1 94 93 95 XOR
2 1 16 93 96 XOR
2 1 41 93 97 XOR
2 1 96 97 98 AND
2 1 98 93 99 XOR
2 1 15 40 100 XOR
2 1 100 99 101 XOR
2 1 15 99 102 XOR
2 1 40 99 103 XOR
2 1 102 103 104 AND
2 1 104 99 105 XOR
2 1 14 39 106 XOR
2 1 106 105 107 XOR
2 1 14 105 108 XOR
2 1 39 105 109 XOR
2 1 108 109 110 AND
2 1 110 105 111 XOR
2 1 13 38 112 XOR
2 1 112 111 113 XOR
2 1 13 111 114 XOR
2 1 38 111 115 XOR
2 1 114 115 116 AND
2 1 116 111 117 XOR
2 1 12 37 118 XOR
2 1 118 117 119 XOR
2 1 12 117 120 XOR
2 1 37 117 121 XOR
2 1 120 121 122 AND
2 1 122 117 123 XOR
2 1 11 36 124 XOR
2 1 124 123 125 XOR
2 1 11 123 126 XOR
2 1 36 123 127 XOR
2 1 126 127 128 AND
2 1 128 123 129 XOR
2 1 10 35 130 XOR
2 1 130 129 131 XOR
2 1 10 129 132 XOR
2 1 35 129 133 XOR
2 1 132 133 134 AND
2 1 134 129 135 XOR
2 1 9 34 136 XOR
2 1 136 135 137 XOR
2 1 9 135 138 XOR
2 1 34 135 139 XOR
2 1 138 139 140 AND
2 1 140 135 141 XOR
2 1 8 33 142 XOR
2 1 142 141 143 XOR
2 1 8 141 144 XOR
2 1 33 141 145 XOR
2 1 144 145 146 AND
2 1 146 141 147 XOR
2 1 7 32 148 XOR
2 1 148 147 149 XOR
2 1 7 147 150 XOR
2 1 32 147 151 XOR
2 1 150 151 152 AND
2 1 152 147 153 XOR
2 1 6 31 154 XOR
2 1 154 153 155 XOR
2 1 6 153 156 XOR
2 1 31 153 157 XOR
2 1 156 157 158 AND
2 1 158 153 159 XOR
2 1 5 30 160 XOR
2 1 160 159 161 XOR
2 1 5 159 162 XOR
2 1 30 159 163 XOR
2 1 162 163 164 AND
2 1 164 159 165 XOR
2 1 4 29 166 XOR
2 1 166 165 167 XOR
2 1 4 165 168 XOR
2 1 29 165 169 XOR
2 1 168 169 170 AND
2 1 170 165 171 XOR
2 1 3 28 172 XOR
2 1 172 171 173 XOR
2 1 3 171 174 XOR
2 1 28 171 175 XOR
2 1 174 175 176 AND
2 1 176 171 177 XOR
2 1 2 27 178 XOR
2 1 178 177 179 XOR
2 1 2 177 180 XOR
2 1 27 177 181 XOR
2 1 180 181 182 AND
2 1 182 177 183 XOR
2 1 1 26 184 XOR
2 1 184 183 185 XOR
2 1 1 183 186 XOR
2 1 26 183 187 XOR
2 1 186 187 188 AND
2 1 188 183 189 XOR
2 1 0 25 190 XOR
2 1 190 189 191 XOR
2 1 0 189 192 XOR
2 1 25 189 193 XOR
2 1 192 193 194 AND
2 1 194 189 195 XOR
1 1 50 196 EQW
1 1 53 197 EQW
1 1 59 198 EQW
1 1 65 199 EQW
1 1 71 200 EQW
1 1 77 201 EQW
1 1 83 202 EQW
1 1 89 203 EQW
1 1 95 204 EQW
1 1 101 205 EQW
1 1 107 206 EQW
1 1 113 207 EQW
1 1 119 208 EQW
1 1 125 209 EQW
1 1 131 210 EQW
1 1 137 211 EQW
1 1 143 212 EQW
1 1 149 213 EQW
1 1 155 214 EQW
1 1 161 215 EQW
1 1 167 216 EQW
1 1 173 217 EQW
1 1 179 218 EQW
1 1 185 219 EQW
1 1 191 220 EQW
