80 104
2 12 12
1 12

2 1 11 23 24 XOR
2 1 11 23 25 AND
2 1 10 22 26 XOR
2 1 26 25 27 XOR
2 1 10 25 28 XOR
2 1 22 25 29 XOR
2 1 28 29 30 AND
2 1 30 25 31 XOR
2 1 9 21 32 XOR
2 1 32 31 33 XOR
2 1 9 31 34 XOR
2 1 21 31 35 XOR
2 1 34 35 36 AND
2 1 36 31 37 XOR
2 1 8 20 38 XOR
2 1 38 37 39 XOR
2 1 8 37 40 XOR
2 1 20 37 41 XOR
2 1 40 41 42 AND
2 1 42 37 43 XOR
2 1 7 19 44 XOR
2 1 44 43 45 XOR
2 1 7 43 46 XOR
2 1 19 43 47 XOR
2 1 46 47 48 AND
2 1 48 43 49 XOR
2 1 6 18 50 XOR
2 1 50 49 51 XOR
2 1 6 49 52 XOR
2 1 18 49 53 XOR
2 1 52 53 54 AND
2 1 54 49 55 XOR
2 1 5 17 56 XOR
2 1 56 55 57 XOR
2 1 5 55 58 XOR
2 1 17 55 59 XOR
2 1 58 59 60 AND
2 1 60 55 61 XOR
2 1 4 16 62 XOR
2 1 62 61 63 XOR
2 1 4 61 64 XOR
2 1 16 61 65 XOR
2 1 64 65 66 AND
2 1 66 61 67 XOR
2 1 3 15 68 XOR
2 1 68 67 69 XOR
2 1 3 67 70 XOR
2 1 15 67 71 XOR
2 1 70 71 72 AND
2 1 72 67 73 XOR
2 1 2 14 74 XOR
2 1 74 73 75 XOR
2 1 2 73 76 XOR
2 1 14 73 77 XOR
2 1 76 77 78 AND
2 1 78 73 79 XOR
2 1 1 13 80 XOR
2 1 80 79 81 XOR
2 1 1 79 82 XOR
2 1 13 79 83 XOR
2 1 82 83 84 AND
2 1 84 79 85 XOR
2 1 0 12 86 XOR
2 1 86 85 87 XOR
2 1 0 85 88 XOR
2 1 12 85 89 XOR
2 1 88 89 90 AND
2 1 90 85 91 XOR
1 1 24 92 EQW
1 1 27 93 EQW
1 1 33 94 EQW
1 1 39 95 EQW
1 1 45 96 EQW
1 1 51 97 EQW
1 1 57 98 EQW
1 1 63 99 EQW
1 1 69 100 EQW
1 1 75 101 EQW
1 1 81 102 EQW
1 1 87 103 EQW
