157 203
2 23 23
1 23

2 1 22 45 46 XOR
2 1 22 45 47 AND
2 1 21 44 48 XOR
2 1 48 47 49 XOR
2 1 21 47 50 XOR
2 1 44 47 51 XOR
2 1 50 51 52 AND
2 1 52 47 53 XOR
2 1 20 43 54 XOR
2 1 54 53 55 XOR
2 1 20 53 56 XOR
2 1 43 53 57 XOR
2 1 56 57 58 AND
2 1 58 53 59 XOR
2 1 19 42 60 XOR
2 1 60 59 61 XOR
2 1 19 59 62 XOR
2 1 42 59 63 XOR
2 1 62 63 64 AND
2 1 64 59 65 XOR
2 1 18 41 66 XOR
2 1 66 65 67 XOR
2 1 18 65 68 XOR
2 1 41 65 69 XOR
2 1 68 69 70 AND
2 1 70 65 71 XOR
2 1 17 40 72 XOR
2 1 72 71 73 XOR
2 1 17 71 74 XOR
2 1 40 71 75 XOR
2 1 74 75 76 AND
2 1 76 71 77 XOR
2 1 16 39 78 XOR
2 1 78 77 79 XOR
2 1 16 77 80 XOR
2 1 39 77 81 XOR
2 1 80 81 82 AND
2 1 82 77 83 XOR
2 1 15 38 84 XOR
2 1 84 83 85 XOR
2 1 15 83 86 XOR
2 1 38 83 87 XOR
2 1 86 87 88 AND
2 1 88 83 89 XOR
2 1 14 37 90 XOR
2 1 90 89 91 XOR
2 1 14 89 92 XOR
2 1 37 89 93 XOR
2 1 92 93 94 AND
2 1 94 89 95 XOR
2 1 13 36 96 XOR
2 1 96 95 97 XOR
2 1 13 95 98 XOR
2 1 36 95 99 XOR
2 1 98 99 100 AND
2 1 100 95 101 XOR
2 1 12 35 102 XOR
2 1 102 101 103 XOR
2 1 12 101 104 XOR
2 1 35 101 105 XOR
2 1 104 105 106 AND
2 1 106 101 107 XOR
2 1 11 34 108 XOR
2 1 108 107 109 XOR
2 1 11 107 110 XOR
2 1 34 107 111 XOR
2 1 110 111 112 AND
2 1 112 107 113 XOR
2 1 10 33 114 XOR
2 1 114 113 115 XOR
2 1 10 113 116 XOR
2 1 33 113 117 XOR
2 1 116 117 118 AND
2 1 118 113 119 XOR
2 1 9 32 120 XOR
2 1 120 119 121 XOR
2 1 9 119 122 XOR
2 1 32 119 123 XOR
2 1 122 123 124 AND
2 1 124 119 125 XOR
2 1 8 31 126 XOR
2 1 126 125 127 XOR
2 1 8 125 128 XOR
2 1 31 125 129 XOR
2 1 128 129 130 AND
2 1 130 125 131 XOR
2 1 7 30 132 XOR
2 1 132 131 133 XOR
2 1 7 131 134 XOR
2 1 30 131 135 XOR
2 1 134 135 136 AND
2 1 136 131 137 XOR
2 1 6 29 138 XOR
2 1 138 137 139 XOR
2 1 6 137 140 XOR
2 1 29 137 141 XOR
2 1 140 141 142 AND
2 1 142 137 143 XOR
2 1 5 28 144 XOR
2 1 144 143 145 XOR
2 1 5 143 146 XOR
2 1 28 143 147 XOR
2 1 146 147 148 AND
2 1 148 143 149 XOR
2 1 4 27 150 XOR
2 1 150 149 151 XOR
2 1 4 149 152 XOR
2 1 27 149 153 XOR
2 1 152 153 154 AND
2 1 154 149 155 XOR
2 1 3 26 156 XOR
2 1 156 155 157 XOR
2 1 3 155 158 XOR
2 1 26 155 159 XOR
2 1 158 159 160 AND
2 1 160 155 161 XOR
2 1 2 25 162 XOR
2 1 162 161 163 XOR
2 1 2 161 164 XOR
2 1 25 161 165 XOR
2 1 164 165 166 AND
2 1 166 161 167 XOR
2 1 1 24 168 XOR
2 1 168 167 169 XOR
2 1 1 167 170 XOR
2 1 24 167 171 XOR
2 1 170 171 172 AND
2 1 172 167 173 XOR
2 1 0 23 174 XOR
2 1 174 173 175 XOR
2 1 0 173 176 XOR
2 1 23 173 177 XOR
2 1 176 177 178 AND
2 1 178 173 179 XOR
1 1 46 180 EQW
1 1 49 181 EQW
1 1 55 182 EQW
1 1 61 183 EQW
1 1 67 184 EQW
1 1 73 185 EQW
1 1 79 186 EQW
1 1 85 187 EQW
1 1 91 188 EQW
1 1 97 189 EQW
1 1 103 190 EQW
1 1 109 191 EQW
1 1 115 192 EQW
1 1 121 193 EQW
1 1 127 194 EQW
1 1 133 195 EQW
1 1 139 196 EQW
1 1 145 197 EQW
1 1 151 198 EQW
1 1 157 199 EQW
1 1 163 200 EQW
1 1 169 201 EQW
1 1 175 202 EQW
