115 149
2 17 17
1 17

2 1 16 33 34 XOR
2 1 16 33 35 AND
2 1 15 32 36 XOR
2 1 36 35 37 XOR
2 1 15 35 38 XOR
2 1 32 35 39 XOR
2 1 38 39 40 AND
2 1 40 35 41 XOR
2 1 14 31 42 XOR
2 1 42 41 43 XOR
2 1 14 41 44 XOR
2 1 31 41 45 XOR
2 1 44 45 46 AND
2 1 46 41 47 XOR
2 1 13 30 48 XOR
2 1 48 47 49 XOR
2 1 13 47 50 XOR
2 1 30 47 51 XOR
2 1 50 51 52 AND
2 1 52 47 53 XOR
2 1 12 29 54 XOR
2 1 54 53 55 XOR
2 1 12 53 56 XOR
2 1 29 53 57 XOR
2 1 56 57 58 AND
2 1 58 53 59 XOR
2 1 11 28 60 XOR
2 1 60 59 61 XOR
2 1 11 59 62 XOR
2 1 28 59 63 XOR
2 1 62 63 64 AND
2 1 64 59 65 XOR
2 1 10 27 66 XOR
2 1 66 65 67 XOR
2 1 10 65 68 XOR
2 1 27 65 69 XOR
2 1 68 69 70 AND
2 1 70 65 71 XOR
2 1 9 26 72 XOR
2 1 72 71 73 XOR
2 1 9 71 74 XOR
2 1 26 71 75 XOR
2 1 74 75 76 AND
2 1 76 71 77 XOR
2 1 8 25 78 XOR
2 1 78 77 79 XOR
2 1 8 77 80 XOR
2 1 25 77 81 XOR
2 1 80 81 82 AND
2 1 82 77 83 XOR
2 1 7 24 84 XOR
2 1 84 83 85 XOR
2 1 7 83 86 XOR
2 1 24 83 87 XOR
2 1 86 87 88 AND
2 1 88 83 89 XOR
2 1 6 23 90 XOR
2 1 90 89 91 XOR
2 1 6 89 92 XOR
2 1 23 89 93 XOR
2 1 92 93 94 AND
2 1 94 89 95 XOR
2 1 5 22 96 XOR
2 1 96 95 97 XOR
2 1 5 95 98 XOR
2 1 22 95 99 XOR
2 1 98 99 100 AND
2 1 100 95 101 XOR
2 1 4 21 102 XOR
2 1 102 101 103 XOR
2 1 4 101 104 XOR
2 1 21 101 105 XOR
2 1 104 105 106 AND
2 1 106 101 107 XOR
2 1 3 20 108 XOR
2 1 108 107 109 XOR
2 1 3 107 110 XOR
2 1 20 107 111 XOR
2 1 110 111 112 AND
2 1 112 107 113 XOR
2 1 2 19 114 XOR
2 1 114 113 115 XOR
2 1 2 113 116 XOR
2 1 19 113 117 XOR
2 1 116 117 118 AND
2 1 118 113 119 XOR
2 1 1 18 120 XOR
2 1 120 119 121 XOR
2 1 1 119 122 XOR
2 1 18 119 123 XOR
2 1 122 123 124 AND
2 1 124 119 125 XOR
2 1 0 17 126 XOR
2 1 126 125 127 XOR
2 1 0 125 128 XOR
2 1 17 125 129 XOR
2 1 128 129 130 AND
2 1 130 125 131 XOR
1 1 34 132 EQW
1 1 37 133 EQW
1 1 43 134 EQW
1 1 49 135 EQW
1 1 55 136 EQW
1 1 61 137 EQW
1 1 67 138 EQW
1 1 73 139 EQW
1 1 79 140 EQW
1 1 85 141 EQW
1 1 91 142 EQW
1 1 97 143 EQW
1 1 103 144 EQW
1 1 109 145 EQW
1 1 115 146 EQW
1 1 121 147 EQW
1 1 127 148 EQW
