206 266
2 30 30
1 30

2 1 29 59 60 XOR
2 1 29 59 61 AND
2 1 28 58 62 XOR
2 1 62 61 63 XOR
2 1 28 61 64 XOR
2 1 58 61 65 XOR
2 1 64 65 66 AND
2 1 66 61 67 XOR
2 1 27 57 68 XOR
2 1 68 67 69 XOR
2 1 27 67 70 XOR
2 1 57 67 71 XOR
2 1 70 71 72 AND
2 1 72 67 73 XOR
2 1 26 56 74 XOR
2 1 74 73 75 XOR
2 1 26 73 76 XOR
2 1 56 73 77 XOR
2 1 76 77 78 AND
2 1 78 73 79 XOR
2 1 25 55 80 XOR
2 1 80 79 81 XOR
2 1 25 79 82 XOR
2 1 55 79 83 XOR
2 1 82 83 84 AND
2 1 84 79 85 XOR
2 1 24 54 86 XOR
2 1 86 85 87 XOR
2 1 24 85 88 XOR
2 1 54 85 89 XOR
2 1 88 89 90 AND
2 1 90 85 91 XOR
2 1 23 53 92 XOR
2 1 92 91 93 XOR
2 1 23 91 94 XOR
2 1 53 91 95 XOR
2 1 94 95 96 AND
2 1 96 91 97 XOR
2 1 22 52 98 XOR
2 1 98 97 99 XOR
2 1 22 97 100 XOR
2 1 52 97 101 XOR
2 1 100 101 102 AND
2 1 102 97 103 XOR
2 1 21 51 104 XOR
2 1 104 103 105 XOR
2 1 21 103 106 XOR
2 1 51 103 107 XOR
2 1 106 107 108 AND
2 1 108 103 109 XOR
2 1 20 50 110 XOR
2 1 110 109 111 XOR
2 1 20 109 112 XOR
2 1 50 109 113 XOR
2 1 112 113 114 AND
2 1 114 109 115 XOR
2 1 19 49 116 XOR
2 1 116 115 117 XOR
2 1 19 115 118 XOR
2 1 49 115 119 XOR
2 1 118 119 120 AND
2 1 120 115 121 XOR
2 1 18 48 122 XOR
2 1 122 121 123 XOR
2 1 18 121 124 XOR
2 1 48 121 125 XOR
2 1 124 125 126 AND
2 1 126 121 127 XOR
2 1 17 47 128 XOR
2 1 128 127 129 XOR
2 1 17 127 130 XOR
2 1 47 127 131 XOR
2 1 130 131 132 AND
2 1 132 127 133 XOR
2 1 16 46 134 XOR
2 1 134 133 135 XOR
2 1 16 133 136 XOR
2 1 46 133 137 XOR
2 1 136 137 138 AND
2 1 138 133 139 XOR
2 1 15 45 140 XOR
2 1 140 139 141 XOR
2 1 15 139 142 XOR
2 1 45 139 143 XOR
2 1 142 143 144 AND
2 1 144 139 145 XOR
2 1 14 44 146 XOR
2 1 146 145 147 XOR
2 1 14 145 148 XOR
2 1 44 145 149 XOR
2 1 148 149 150 AND
2 1 150 145 151 XOR
2 1 13 43 152 XOR
2 1 152 151 153 XOR
2 1 13 151 154 XOR
2 1 43 151 155 XOR
2 1 154 155 156 AND
2 1 156 151 157 XOR
2 1 12 42 158 XOR
2 1 158 157 159 XOR
2 1 12 157 160 XOR
2 1 42 157 161 XOR
2 1 160 161 162 AND
2 1 162 157 163 XOR
2 1 11 41 164 XOR
2 1 164 163 165 XOR
2 1 11 163 166 XOR
2 1 41 163 167 XOR
2 1 166 167 168 AND
2 1 168 163 169 XOR
2 1 10 40 170 XOR
2 1 170 169 171 XOR
2 1 10 169 172 XOR
2 1 40 169 173 XOR
2 1 172 173 174 AND
2 1 174 169 175 XOR
2 1 9 39 176 XOR
2 1 176 175 177 XOR
2 1 9 175 178 XOR
2 1 39 175 179 XOR
2 1 178 179 180 AND
2 1 180 175 181 XOR
2 1 8 38 182 XOR
2 1 182 181 183 XOR
2 1 8 181 184 XOR
2 1 38 181 185 XOR
2 1 184 185 186 AND
2 1 186 181 187 XOR
2 1 7 37 188 XOR
2 1 188 187 189 XOR
2 1 7 187 190 XOR
2 1 37 187 191 XOR
2 1 190 191 192 AND
2 1 192 187 193 XOR
2 1 6 36 194 XOR
2 1 194 193 195 XOR
2 1 6 193 196 XOR
2 1 36 193 197 XOR
2 1 196 197 198 AND
2 1 198 193 199 XOR
2 1 5 35 200 XOR
2 1 200 199 201 XOR
2 1 5 199 202 XOR
2 1 35 199 203 XOR
2 1 202 203 204 AND
2 1 204 199 205 XOR
2 1 4 34 206 XOR
2 1 206 205 207 XOR
2 1 4 205 208 XOR
2 1 34 205 209 XOR
2 1 208 209 210 AND
2 1 210 205 211 XOR
2 1 3 33 212 XOR
2 1 212 211 213 XOR
2 1 3 211 214 XOR
2 1 33 211 215 XOR
2 1 214 215 216 AND
2 1 216 211 217 XOR
2 1 2 32 218 XOR
2 1 218 217 219 XOR
2 1 2 217 220 XOR
2 1 32 217 221 XOR
2 1 220 221 222 AND
2 1 222 217 223 XOR
2 1 1 31 224 XOR
2 1 224 223 225 XOR
2 1 1 223 226 XOR
2 1 31 223 227 XOR
2 1 226 227 228 AND
2 1 228 223 229 XOR
2 1 0 30 230 XOR
2 1 230 229 231 XOR
2 1 0 229 232 XOR
2 1 30 229 233 XOR
2 1 232 233 234 AND
2 1 234 229 235 XOR
1 1 60 236 EQW
1 1 63 237 EQW
1 1 69 238 EQW
1 1 75 239 EQW
1 1 81 240 EQW
1 1 87 241 EQW
1 1 93 242 EQW
1 1 99 243 EQW
1 1 105 244 EQW
1 1 111 245 EQW
1 1 117 246 EQW
1 1 123 247 EQW
1 1 129 248 EQW
1 1 135 249 EQW
1 1 141 250 EQW
1 1 147 251 EQW
1 1 153 252 EQW
1 1 159 253 EQW
1 1 165 254 EQW
1 1 171 255 EQW
1 1 177 256 EQW
1 1 183 257 EQW
1 1 189 258 EQW
1 1 195 259 EQW
1 1 201 260 EQW
1 1 207 261 EQW
1 1 213 262 EQW
1 1 219 263 EQW
1 1 225 264 EQW
1 1 231 265 EQW
