213 275
2 31 31
1 31

2 1 30 61 62 XOR
2 1 30 61 63 AND
2 1 29 60 64 XOR
2 1 64 63 65 XOR
2 1 29 63 66 XOR
2 1 60 63 67 XOR
2 1 66 67 68 AND
2 1 68 63 69 XOR
2 1 28 59 70 XOR
2 1 70 69 71 XOR
2 1 28 69 72 XOR
2 1 59 69 73 XOR
2 1 72 73 74 AND
2 1 74 69 75 XOR
2 1 27 58 76 XOR
2 1 76 75 77 XOR
2 1 27 75 78 XOR
2 1 58 75 79 XOR
2 1 78 79 80 AND
2 1 80 75 81 XOR
2 1 26 57 82 XOR
2 1 82 81 83 XOR
2 1 26 81 84 XOR
2 1 57 81 85 XOR
2 1 84 85 86 AND
2 1 86 81 87 XOR
2 1 25 56 88 XOR
2 1 88 87 89 XOR
2 1 25 87 90 XOR
2 1 56 87 91 XOR
2 1 90 91 92 AND
2 1 92 87 93 XOR
2 1 24 55 94 XOR
2 1 94 93 95 XOR
2 1 24 93 96 XOR
2 1 55 93 97 XOR
2 1 96 97 98 AND
2 1 98 93 99 XOR
2 1 23 54 100 XOR
2 1 100 99 101 XOR
2 1 23 99 102 XOR
2 1 54 99 103 XOR
2 1 102 103 104 AND
2 1 104 99 105 XOR
2 1 22 53 106 XOR
2 1 106 105 107 XOR
2 1 22 105 108 XOR
2 1 53 105 109 XOR
2 1 108 109 110 AND
2 1 110 105 111 XOR
2 1 21 52 112 XOR
2 1 112 111 113 XOR
2 1 21 111 114 XOR
2 1 52 111 115 XOR
2 1 114 115 116 AND
2 1 116 111 117 XOR
2 1 20 51 118 XOR
2 1 118 117 119 XOR
2 1 20 117 120 XOR
2 1 51 117 121 XOR
2 1 120 121 122 AND
2 1 122 117 123 XOR
2 1 19 50 124 XOR
2 1 124 123 125 XOR
2 1 19 123 126 XOR
2 1 50 123 127 XOR
2 1 126 127 128 AND
2 1 128 123 129 XOR
2 1 18 49 130 XOR
2 1 130 129 131 XOR
2 1 18 129 132 XOR
2 1 49 129 133 XOR
2 1 132 133 134 AND
2 1 134 129 135 XOR
2 1 17 48 136 XOR
2 1 136 135 137 XOR
2 1 17 135 138 XOR
2 1 48 135 139 XOR
2 1 138 139 140 AND
2 1 140 135 141 XOR
2 1 16 47 142 XOR
2 1 142 141 143 XOR
2 1 16 141 144 XOR
2 1 47 141 145 XOR
2 1 144 145 146 AND
2 1 146 141 147 XOR
2 1 15 46 148 XOR
2 1 148 147 149 XOR
2 1 15 147 150 XOR
2 1 46 147 151 XOR
2 1 150 151 152 AND
2 1 152 147 153 XOR
2 1 14 45 154 XOR
2 1 154 153 155 XOR
2 1 14 153 156 XOR
2 1 45 153 157 XOR
2 1 156 157 158 AND
2 1 158 153 159 XOR
2 1 13 44 160 XOR
2 1 160 159 161 XOR
2 1 13 159 162 XOR
2 1 44 159 163 XOR
2 1 162 163 164 AND
2 1 164 159 165 XOR
2 1 12 43 166 XOR
2 1 166 165 167 XOR
2 1 12 165 168 XOR
2 1 43 165 169 XOR
2 1 168 169 170 AND
2 1 170 165 171 XOR
2 1 11 42 172 XOR
2 1 172 171 173 XOR
2 1 11 171 174 XOR
2 1 42 171 175 XOR
2 1 174 175 176 AND
2 1 176 171 177 XOR
2 1 10 41 178 XOR
2 1 178 177 179 XOR
2 1 10 177 180 XOR
2 1 41 177 181 XOR
2 1 180 181 182 AND
2 1 182 177 183 XOR
2 1 9 40 184 XOR
2 1 184 183 185 XOR
2 1 9 183 186 XOR
2 1 40 183 187 XOR
2 1 186 187 188 AND
2 1 188 183 189 XOR
2 1 8 39 190 XOR
2 1 190 189 191 XOR
2 1 8 189 192 XOR
2 1 39 189 193 XOR
2 1 192 193 194 AND
2 1 194 189 195 XOR
2 1 7 38 196 XOR
2 1 196 195 197 XOR
2 1 7 195 198 XOR
2 1 38 195 199 XOR
2 1 198 199 200 AND
2 1 200 195 201 XOR
2 1 6 37 202 XOR
2 1 202 201 203 XOR
2 1 6 201 204 XOR
2 1 37 201 205 XOR
2 1 204 205 206 AND
2 1 206 201 207 XOR
2 1 5 36 208 XOR
2 1 208 207 209 XOR
2 1 5 207 210 XOR
2 1 36 207 211 XOR
2 1 210 211 212 AND
2 1 212 207 213 XOR
2 1 4 35 214 XOR
2 1 214 213 215 XOR
2 1 4 213 216 XOR
2 1 35 213 217 XOR
2 1 216 217 218 AND
2 1 218 213 219 XOR
2 1 3 34 220 XOR
2 1 220 219 221 XOR
2 1 3 219 222 XOR
2 1 34 219 223 XOR
2 1 222 223 224 AND
2 1 224 219 225 XOR
2 1 2 33 226 XOR
2 1 226 225 227 XOR
2 1 2 225 228 XOR
2 1 33 225 229 XOR
2 1 228 229 230 AND
2 1 230 225 231 XOR
2 1 1 32 232 XOR
2 1 232 231 233 XOR
2 1 1 231 234 XOR
2 1 32 231 235 XOR
2 1 234 235 236 AND
2 1 236 231 237 XOR
2 1 0 31 238 XOR
2 1 238 237 239 XOR
2 1 0 237 240 XOR
2 1 31 237 241 XOR
2 1 240 241 242 AND
2 1 242 237 243 XOR
1 1 62 244 EQW
1 1 65 245 EQW
1 1 71 246 EQW
1 1 77 247 EQW
1 1 83 248 EQW
1 1 89 249 EQW
1 1 95 250 EQW
1 1 101 251 EQW
1 1 107 252 EQW
1 1 113 253 EQW
1 1 119 254 EQW
1 1 125 255 EQW
1 1 131 256 EQW
1 1 137 257 EQW
1 1 143 258 EQW
1 1 149 259 EQW
1 1 155 260 EQW
1 1 161 261 EQW
1 1 167 262 EQW
1 1 173 263 EQW
1 1 179 264 EQW
1 1 185 265 EQW
1 1 191 266 EQW
1 1 197 267 EQW
1 1 203 268 EQW
1 1 209 269 EQW
1 1 215 270 EQW
1 1 221 271 EQW
1 1 227 272 EQW
1 1 233 273 EQW
1 1 239 274 EQW
