136 176
2 20 20
1 20

2 1 19 39 40 XOR
2 1 19 39 41 AND
2 1 18 38 42 XOR
2 1 42 41 43 XOR
2 1 18 41 44 XOR
2 1 38 41 45 XOR
2 1 44 45 46 AND
2 1 46 41 47 XOR
2 1 17 37 48 XOR
2 1 48 47 49 XOR
2 1 17 47 50 XOR
2 1 37 47 51 XOR
2 1 50 51 52 AND
2 1 52 47 53 XOR
2 1 16 36 54 XOR
2 1 54 53 55 XOR
2 1 16 53 56 XOR
2 1 36 53 57 XOR
2 1 56 57 58 AND
2 1 58 53 59 XOR
2 1 15 35 60 XOR
2 1 60 59 61 XOR
2 1 15 59 62 XOR
2 1 35 59 63 XOR
2 1 62 63 64 AND
2 1 64 59 65 XOR
2 1 14 34 66 XOR
2 1 66 65 67 XOR
2 1 14 65 68 XOR
2 1 34 65 69 XOR
2 1 68 69 70 AND
2 1 70 65 71 XOR
2 1 13 33 72 XOR
2 1 72 71 73 XOR
2 1 13 71 74 XOR
2 1 33 71 75 XOR
2 1 74 75 76 AND
2 1 76 71 77 XOR
2 1 12 32 78 XOR
2 1 78 77 79 XOR
2 1 12 77 80 XOR
2 1 32 77 81 XOR
2 1 80 81 82 AND
2 1 82 77 83 XOR
2 1 11 31 84 XOR
2 1 84 83 85 XOR
2 1 11 83 86 XOR
2 1 31 83 87 XOR
2 1 86 87 88 AND
2 1 88 83 89 XOR
2 1 10 30 90 XOR
2 1 90 89 91 XOR
2 1 10 89 92 XOR
2 1 30 89 93 XOR
2 1 92 93 94 AND
2 1 94 89 95 XOR
2 1 9 29 96 XOR
2 1 96 95 97 XOR
2 1 9 95 98 XOR
2 1 29 95 99 XOR
2 1 98 99 100 AND
2 1 100 95 101 XOR
2 1 8 28 102 XOR
2 1 102 101 103 XOR
2 1 8 101 104 XOR
2 1 28 101 105 XOR
2 1 104 105 106 AND
2 1 106 101 107 XOR
2 1 7 27 108 XOR
2 1 108 107 109 XOR
2 1 7 107 110 XOR
2 1 27 107 111 XOR
2 1 110 111 112 AND
2 1 112 107 113 XOR
2 1 6 26 114 XOR
2 1 114 113 115 XOR
2 1 6 113 116 XOR
2 1 26 113 117 XOR
2 1 116 117 118 AND
2 1 118 113 119 XOR
2 1 5 25 120 XOR
2 1 120 119 121 XOR
2 1 5 119 122 XOR
2 1 25 119 123 XOR
2 1 122 123 124 AND
2 1 124 119 125 XOR
2 1 4 24 126 XOR
2 1 126 125 127 XOR
2 1 4 125 128 XOR
2 1 24 125 129 XOR
2 1 128 129 130 AND
2 1 130 125 131 XOR
2 1 3 23 132 XOR
2 1 132 131 133 XOR
2 1 3 131 134 XOR
2 1 23 131 135 XOR
2 1 134 135 136 AND
2 1 136 131 137 XOR
2 1 2 22 138 XOR
2 1 138 137 139 XOR
2 1 2 137 140 XOR
2 1 22 137 141 XOR
2 1 140 141 142 AND
2 1 142 137 143 XOR
2 1 1 21 144 XOR
2 1 144 143 145 XOR
2 1 1 143 146 XOR
2 1 21 143 147 XOR
2 1 146 147 148 AND
2 1 148 143 149 XOR
2 1 0 20 150 XOR
2 1 150 149 151 XOR
2 1 0 149 152 XOR
2 1 20 149 153 XOR
2 1 152 153 154 AND
2 1 154 149 155 XOR
1 1 40 156 EQW
1 1 43 157 EQW
1 1 49 158 EQW
1 1 55 159 EQW
1 1 61 160 EQW
1 1 67 161 EQW
1 1 73 162 EQW
1 1 79 163 EQW
1 1 85 164 EQW
1 1 91 165 EQW
1 1 97 166 EQW
1 1 103 167 EQW
1 1 109 168 EQW
1 1 115 169 EQW
1 1 121 170 EQW
1 1 127 171 EQW
1 1 133 172 EQW
1 1 139 173 EQW
1 1 145 174 EQW
1 1 151 175 EQW
