101 131
2 15 15
1 15

2 1 14 29 30 XOR
2 1 14 29 31 AND
2 1 13 28 32 XOR
2 1 32 31 33 XOR
2 1 13 31 34 XOR
2 1 28 31 35 XOR
2 1 34 35 36 AND
2 1 36 31 37 XOR
2 1 12 27 38 XOR
2 1 38 37 39 XOR
2 1 12 37 40 XOR
2 1 27 37 41 XOR
2 1 40 41 42 AND
2 1 42 37 43 XOR
2 1 11 26 44 XOR
2 1 44 43 45 XOR
2 1 11 43 46 XOR
2 1 26 43 47 XOR
2 1 46 47 48 AND
2 1 48 43 49 XOR
2 1 10 25 50 XOR
2 1 50 49 51 XOR
2 1 10 49 52 XOR
2 1 25 49 53 XOR
2 1 52 53 54 AND
2 1 54 49 55 XOR
2 1 9 24 56 XOR
2 1 56 55 57 XOR
2 1 9 55 58 XOR
2 1 24 55 59 XOR
2 1 58 59 60 AND
2 1 60 55 61 XOR
2 1 8 23 62 XOR
2 1 62 61 63 XOR
2 1 8 61 64 XOR
2 1 23 61 65 XOR
2 1 64 65 66 AND
2 1 66 61 67 XOR
2 1 7 22 68 XOR
2 1 68 67 69 XOR
2 1 7 67 70 XOR
2 1 22 67 71 XOR
2 1 70 71 72 AND
2 1 72 67 73 XOR
2 1 6 21 74 XOR
2 1 74 73 75 XOR
2 1 6 73 76 XOR
2 1 21 73 77 XOR
2 1 76 77 78 AND
2 1 78 73 79 XOR
2 1 5 20 80 XOR
2 1 80 79 81 XOR
2 1 5 79 82 XOR
2 1 20 79 83 XOR
2 1 82 83 84 AND
2 1 84 79 85 XOR
2 1 4 19 86 XOR
2 1 86 85 87 XOR
2 1 4 85 88 XOR
2 1 19 85 89 XOR
2 1 88 89 90 AND
2 1 90 85 91 XOR
2 1 3 18 92 XOR
2 1 92 91 93 XOR
2 1 3 91 94 XOR
2 1 18 91 95 XOR
2 1 94 95 96 AND
2 1 96 91 97 XOR
2 1 2 17 98 XOR
2 1 98 97 99 XOR
2 1 2 97 100 XOR
2 1 17 97 101 XOR
2 1 100 101 102 AND
2 1 102 97 103 XOR
2 1 1 16 104 XOR
2 1 104 103 105 XOR
2 1 1 103 106 XOR
2 1 16 103 107 XOR
2 1 106 107 108 AND
2 1 108 103 109 XOR
2 1 0 15 110 XOR
2 1 110 109 111 XOR
2 1 0 109 112 XOR
2 1 15 109 113 XOR
2 1 112 113 114 AND
2 1 114 109 115 XOR
1 1 30 116 EQW
1 1 33 117 EQW
1 1 39 118 EQW
1 1 45 119 EQW
1 1 51 120 EQW
1 1 57 121 EQW
1 1 63 122 EQW
1 1 69 123 EQW
1 1 75 124 EQW
1 1 81 125 EQW
1 1 87 126 EQW
1 1 93 127 EQW
1 1 99 128 EQW
1 1 105 129 EQW
1 1 111 130 EQW
