164 212
2 24 24
1 24

2 1 23 47 48 XOR
2 1 23 47 49 AND
2 1 22 46 50 XOR
2 1 50 49 51 XOR
2 1 22 49 52 XOR
2 1 46 49 53 XOR
2 1 52 53 54 AND
2 1 54 49 55 XOR
2 1 21 45 56 XOR
2 1 56 55 57 XOR
2 1 21 55 58 XOR
2 1 45 55 59 XOR
2 1 58 59 60 AND
2 1 60 55 61 XOR
2 1 20 44 62 XOR
2 1 62 61 63 XOR
2 1 20 61 64 XOR
2 1 44 61 65 XOR
2 1 64 65 66 AND
2 1 66 61 67 XOR
2 1 19 43 68 XOR
2 1 68 67 69 XOR
2 1 19 67 70 XOR
2 1 43 67 71 XOR
2 1 70 71 72 AND
2 1 72 67 73 XOR
2 1 18 42 74 XOR
2 1 74 73 75 XOR
2 1 18 73 76 XOR
2 1 42 73 77 XOR
2 1 76 77 78 AND
2 1 78 73 79 XOR
2 1 17 41 80 XOR
2 1 80 79 81 XOR
2 1 17 79 82 XOR
2 1 41 79 83 XOR
2 1 82 83 84 AND
2 1 84 79 85 XOR
2 1 16 40 86 XOR
2 1 86 85 87 XOR
2 1 16 85 88 XOR
2 1 40 85 89 XOR
2 1 88 89 90 AND
2 1 90 85 91 XOR
2 1 15 39 92 XOR
2 1 92 91 93 XOR
2 1 15 91 94 XOR
2 1 39 91 95 XOR
2 1 94 95 96 AND
2 1 96 91 97 XOR
2 1 14 38 98 XOR
2 1 98 97 99 XOR
2 1 14 97 100 XOR
2 1 38 97 101 XOR
2 1 100 101 102 AND
2 1 102 97 103 XOR
2 1 13 37 104 XOR
2 1 104 103 105 XOR
2 1 13 103 106 XOR
2 1 37 103 107 XOR
2 1 106 107 108 AND
2 1 108 103 109 XOR
2 1 12 36 110 XOR
2 1 110 109 111 XOR
2 1 12 109 112 XOR
2 1 36 109 113 XOR
2 1 112 113 114 AND
2 1 114 109 115 XOR
2 1 11 35 116 XOR
2 1 116 115 117 XOR
2 1 11 115 118 XOR
2 1 35 115 119 XOR
2 1 118 119 120 AND
2 1 120 115 121 XOR
2 1 10 34 122 XOR
2 1 122 121 123 XOR
2 1 10 121 124 XOR
2 1 34 121 125 XOR
2 1 124 125 126 AND
2 1 126 121 127 XOR
2 1 9 33 128 XOR
2 1 128 127 129 XOR
2 1 9 127 130 XOR
2 1 33 127 131 XOR
2 1 130 131 132 AND
2 1 132 127 133 XOR
2 1 8 32 134 XOR
2 1 134 133 135 XOR
2 1 8 133 136 XOR
2 1 32 133 137 XOR
2 1 136 137 138 AND
2 1 138 133 139 XOR
2 1 7 31 140 XOR
2 1 140 139 141 XOR
2 1 7 139 142 XOR
2 1 31 139 143 XOR
2 1 142 143 144 AND
2 1 144 139 145 XOR
2 1 6 30 146 XOR
2 1 146 145 147 XOR
2 1 6 145 148 XOR
2 1 30 145 149 XOR
2 1 148 149 150 AND
2 1 150 145 151 XOR
2 1 5 29 152 XOR
2 1 152 151 153 XOR
2 1 5 151 154 XOR
2 1 29 151 155 XOR
2 1 154 155 156 AND
2 1 156 151 157 XOR
2 1 4 28 158 XOR
2 1 158 157 159 XOR
2 1 4 157 160 XOR
2 1 28 157 161 XOR
2 1 160 161 162 AND
2 1 162 157 163 XOR
2 1 3 27 164 XOR
2 1 164 163 165 XOR
2 1 3 163 166 XOR
2 1 27 163 167 XOR
2 1 166 167 168 AND
2 1 168 163 169 XOR
2 1 2 26 170 XOR
2 1 170 169 171 XOR
2 1 2 169 172 XOR
2 1 26 169 173 XOR
2 1 172 173 174 AND
2 1 174 169 175 XOR
2 1 1 25 176 XOR
2 1 176 175 177 XOR
2 1 1 175 178 XOR
2 1 25 175 179 XOR
2 1 178 179 180 AND
2 1 180 175 181 XOR
2 1 0 24 182 XOR
2 1 182 181 183 XOR
2 1 0 181 184 XOR
2 1 24 181 185 XOR
2 1 184 185 186 AND
2 1 186 181 187 XOR
1 1 48 188 EQW
1 1 51 189 EQW
1 1 57 190 EQW
1 1 63 191 EQW
1 1 69 192 EQW
1 1 75 193 EQW
1 1 81 194 EQW
1 1 87 195 EQW
1 1 93 196 EQW
1 1 99 197 EQW
1 1 105 198 EQW
1 1 111 199 EQW
1 1 117 200 EQW
1 1 123 201 EQW
1 1 129 202 EQW
1 1 135 203 EQW
1 1 141 204 EQW
1 1 147 205 EQW
1 1 153 206 EQW
1 1 159 207 EQW
1 1 165 208 EQW
1 1 171 209 EQW
1 1 177 210 EQW
1 1 183 211 EQW
