129 167
2 19 19
1 19

2 1 18 37 38 XOR
2 1 18 37 39 AND
2 1 17 36 40 XOR
2 1 40 39 41 XOR
2 1 17 39 42 XOR
2 1 36 39 43 XOR
2 1 42 43 44 AND
2 1 44 39 45 XOR
2 1 16 35 46 XOR
2 1 46 45 47 XOR
2 1 16 45 48 XOR
2 1 35 45 49 XOR
2 1 48 49 50 AND
2 1 50 45 51 XOR
2 1 15 34 52 XOR
2 1 52 51 53 XOR
2 1 15 51 54 XOR
2 1 34 51 55 XOR
2 1 54 55 56 AND
2 1 56 51 57 XOR
2 1 14 33 58 XOR
2 1 58 57 59 XOR
2 1 14 57 60 XOR
2 1 33 57 61 XOR
2 1 60 61 62 AND
2 1 62 57 63 XOR
2 1 13 32 64 XOR
2 1 64 63 65 XOR
2 1 13 63 66 XOR
2 1 32 63 67 XOR
2 1 66 67 68 AND
2 1 68 63 69 XOR
2 1 12 31 70 XOR
2 1 70 69 71 XOR
2 1 12 69 72 XOR
2 1 31 69 73 XOR
2 1 72 73 74 AND
2 1 74 69 75 XOR
2 1 11 30 76 XOR
2 1 76 75 77 XOR
2 1 11 75 78 XOR
2 1 30 75 79 XOR
2 1 78 79 80 AND
2 1 80 75 81 XOR
2 1 10 29 82 XOR
2 1 82 81 83 XOR
2 1 10 81 84 XOR
2 1 29 81 85 XOR
2 1 84 85 86 AND
2 1 86 81 87 XOR
2 1 9 28 88 XOR
2 1 88 87 89 XOR
2 1 9 87 90 XOR
2 1 28 87 91 XOR
2 1 90 91 92 AND
2 1 92 87 93 XOR
2 1 8 27 94 XOR
2 1 94 93 95 XOR
2 1 8 93 96 XOR
2 1 27 93 97 XOR
2 1 96 97 98 AND
2 1 98 93 99 XOR
2 1 7 26 100 XOR
2 1 100 99 101 XOR
2 1 7 99 102 XOR
2 1 26 99 103 XOR
2 1 102 103 104 AND
2 1 104 99 105 XOR
2 1 6 25 106 XOR
2 1 106 105 107 XOR
2 1 6 105 108 XOR
2 1 25 105 109 XOR
2 1 108 109 110 AND
2 1 110 105 111 XOR
2 1 5 24 112 XOR
2 1 112 111 113 XOR
2 1 5 111 114 XOR
2 1 24 111 115 XOR
2 1 114 115 116 AND
2 1 116 111 117 XOR
2 1 4 23 118 XOR
2 1 118 117 119 XOR
2 1 4 117 120 XOR
2 1 23 117 121 XOR
2 1 120 121 122 AND
2 1 122 117 123 XOR
2 1 3 22 124 XOR
2 1 124 123 125 XOR
2 1 3 123 126 XOR
2 1 22 123 127 XOR
2 1 126 127 128 AND
2 1 128 123 129 XOR
2 1 2 21 130 XOR
2 1 130 129 131 XOR
2 1 2 129 132 XOR
2 1 21 129 133 XOR
2 1 132 133 134 AND
2 1 134 129 135 XOR
2 1 1 20 136 XOR
2 1 136 135 137 XOR
2 1 1 135 138 XOR
2 1 20 135 139 XOR
2 1 138 139 140 AND
2 1 140 135 141 XOR
2 1 0 19 142 XOR
2 1 142 141 143 XOR
2 1 0 141 144 XOR
2 1 19 141 145 XOR
2 1 144 145 146 AND
2 1 146 141 147 XOR
1 1 38 148 EQW
1 1 41 149 EQW
1 1 47 150 EQW
1 1 53 151 EQW
1 1 59 152 EQW
1 1 65 153 EQW
1 1 71 154 EQW
1 1 77 155 EQW
1 1 83 156 EQW
1 1 89 157 EQW
1 1 95 158 EQW
1 1 101 159 EQW
1 1 107 160 EQW
1 1 113 161 EQW
1 1 119 162 EQW
1 1 125 163 EQW
1 1 131 164 EQW
1 1 137 165 EQW
1 1 143 166 EQW
