73 95
2 11 11
1 11

2 1 10 21 22 XOR
2 1 10 21 23 AND
2 1 9 20 24 XOR
2 1 24 23 25 XOR
2 1 9 23 26 XOR
2 1 20 23 27 XOR
2 1 26 27 28 AND
2 1 28 23 29 XOR
2 1 8 19 30 XOR
2 1 30 29 31 XOR
2 1 8 29 32 XOR
2 1 19 29 33 XOR
2 1 32 33 34 AND
2 1 34 29 35 XOR
2 1 7 18 36 XOR
2 1 36 35 37 XOR
2 1 7 35 38 XOR
2 1 18 35 39 XOR
2 1 38 39 40 AND
2 1 40 35 41 XOR
2 1 6 17 42 XOR
2 1 42 41 43 XOR
2 1 6 41 44 XOR
2 1 17 41 45 XOR
2 1 44 45 46 AND
2 1 46 41 47 XOR
2 1 5 16 48 XOR
2 1 48 47 49 XOR
2 1 5 47 50 XOR
2 1 16 47 51 XOR
2 1 50 51 52 AND
2 1 52 47 53 XOR
2 1 4 15 54 XOR
2 1 54 53 55 XOR
2 1 4 53 56 XOR
2 1 15 53 57 XOR
2 1 56 57 58 AND
2 1 58 53 59 XOR
2 1 3 14 60 XOR
2 1 60 59 61 XOR
2 1 3 59 62 XOR
2 1 14 59 63 XOR
2 1 62 63 64 AND
2 1 64 59 65 XOR
2 1 2 13 66 XOR
2 1 66 65 67 XOR
2 1 2 65 68 XOR
2 1 13 65 69 XOR
2 1 68 69 70 AND
2 1 70 65 71 XOR
2 1 1 12 72 XOR
2 1 72 71 73 XOR
2 1 1 71 74 XOR
2 1 12 71 75 XOR
2 1 74 75 76 AND
2 1 76 71 77 XOR
2 1 0 11 78 XOR
2 1 78 77 79 XOR
2 1 0 77 80 XOR
2 1 11 77 81 XOR
2 1 80 81 82 AND
2 1 82 77 83 XOR
1 1 22 84 EQW
1 1 25 85 EQW
1 1 31 86 EQW
1 1 37 87 EQW
1 1 43 88 EQW
1 1 49 89 EQW
1 1 55 90 EQW
1 1 61 91 EQW
1 1 67 92 EQW
1 1 73 93 EQW
1 1 79 94 EQW
