45 59
2 7 7
1 7

2 1 6 13 14 XOR
2 1 6 13 15 AND
2 1 5 12 16 XOR
2 1 16 15 17 XOR
2 1 5 15 18 XOR
2 1 12 15 19 XOR
2 1 18 19 20 AND
2 1 20 15 21 XOR
2 1 4 11 22 XOR
2 1 22 21 23 XOR
2 1 4 21 24 XOR
2 1 11 21 25 XOR
2 1 24 25 26 AND
2 1 26 21 27 XOR
2 1 3 10 28 XOR
2 1 28 27 29 XOR
2 1 3 27 30 XOR
2 1 10 27 31 XOR
2 1 30 31 32 AND
2 1 32 27 33 XOR
2 1 2 9 34 XOR
2 1 34 33 35 XOR
2 1 2 33 36 XOR
2 1 9 33 37 XOR
2 1 36 37 38 AND
2 1 38 33 39 XOR
2 1 1 8 40 XOR
2 1 40 39 41 XOR
2 1 1 39 42 XOR
2 1 8 39 43 XOR
2 1 42 43 44 AND
2 1 44 39 45 XOR
2 1 0 7 46 XOR
2 1 46 45 47 XOR
2 1 0 45 48 XOR
2 1 7 45 49 XOR
2 1 48 49 50 AND
2 1 50 45 51 XOR
1 1 14 52 EQW
1 1 17 53 EQW
1 1 23 54 EQW
1 1 29 55 EQW
1 1 35 56 EQW
1 1 41 57 EQW
1 1 47 58 EQW
