199 257
2 29 29
1 29

2 1 28 57 58 XOR
2 1 28 57 59 AND
2 1 27 56 60 XOR
2 1 60 59 61 XOR
2 1 27 59 62 XOR
2 1 56 59 63 XOR
2 1 62 63 64 AND
2 1 64 59 65 XOR
2 1 26 55 66 XOR
2 1 66 65 67 XOR
2 1 26 65 68 XOR
2 1 55 65 69 XOR
2 1 68 69 70 AND
2 1 70 65 71 XOR
2 1 25 54 72 XOR
2 1 72 71 73 XOR
2 1 25 71 74 XOR
2 1 54 71 75 XOR
2 1 74 75 76 AND
2 1 76 71 77 XOR
2 1 24 53 78 XOR
2 1 78 77 79 XOR
2 1 24 77 80 XOR
2 1 53 77 81 XOR
2 1 80 81 82 AND
2 1 82 77 83 XOR
2 1 23 52 84 XOR
2 1 84 83 85 XOR
2 1 23 83 86 XOR
2 1 52 83 87 XOR
2 1 86 87 88 AND
2 1 88 83 89 XOR
2 1 22 51 90 XOR
2 1 90 89 91 XOR
2 1 22 89 92 XOR
2 1 51 89 93 XOR
2 1 92 93 94 AND
2 1 94 89 95 XOR
2 1 21 50 96 XOR
2 1 96 95 97 XOR
2 1 21 95 98 XOR
2 1 50 95 99 XOR
2 1 98 99 100 AND
2 1 100 95 101 XOR
2 1 20 49 102 XOR
2 1 102 101 103 XOR
2 1 20 101 104 XOR
2 1 49 101 105 XOR
2 1 104 105 106 AND
2 1 106 101 107 XOR
2 1 19 48 108 XOR
2 1 108 107 109 XOR
2 1 19 107 110 XOR
2 1 48 107 111 XOR
2 1 110 111 112 AND
2 1 112 107 113 XOR
2 1 18 47 114 XOR
2 1 114 113 115 XOR
2 1 18 113 116 XOR
2 1 47 113 117 XOR
2 1 116 117 118 AND
2 1 118 113 119 XOR
2 1 17 46 120 XOR
2 1 120 119 121 XOR
2 1 17 119 122 XOR
2 1 46 119 123 XOR
2 1 122 123 124 AND
2 1 124 119 125 XOR
2 1 16 45 126 XOR
2 1 126 125 127 XOR
2 1 16 125 128 XOR
2 1 45 125 129 XOR
2 1 128 129 130 AND
2 1 130 125 131 XOR
2 1 15 44 132 XOR
2 1 132 131 133 XOR
2 1 15 131 134 XOR
2 1 44 131 135 XOR
2 1 134 135 136 AND
2 1 136 131 137 XOR
2 1 14 43 138 XOR
2 1 138 137 139 XOR
2 1 14 137 140 XOR
2 1 43 137 141 XOR
2 1 140 141 142 AND
2 1 142 137 143 XOR
2 1 13 42 144 XOR
2 1 144 143 145 XOR
2 1 13 143 146 XOR
2 1 42 143 147 XOR
2 1 146 147 148 AND
2 1 148 143 149 XOR
2 1 12 41 150 XOR
2 1 150 149 151 XOR
2 1 12 149 152 XOR
2 1 41 149 153 XOR
2 1 152 153 154 AND
2 1 154 149 155 XOR
2 1 11 40 156 XOR
2 1 156 155 157 XOR
2 1 11 155 158 XOR
2 1 40 155 159 XOR
2 1 158 159 160 AND
2 1 160 155 161 XOR
2 1 10 39 162 XOR
2 1 162 161 163 XOR
2 1 10 161 164 XOR
2 1 39 161 165 XOR
2 1 164 165 166 AND
2 1 166 161 167 XOR
2 1 9 38 168 XOR
2 1 168 167 169 XOR
2 1 9 167 170 XOR
2 1 38 167 171 XOR
2 1 170 171 172 AND
2 1 172 167 173 XOR
2 1 8 37 174 XOR
2 1 174 173 175 XOR
2 1 8 173 176 XOR
2 1 37 173 177 XOR
2 1 176 177 178 AND
2 1 178 173 179 XOR
2 1 7 36 180 XOR
2 1 180 179 181 XOR
2 1 7 179 182 XOR
2 1 36 179 183 XOR
2 1 182 183 184 AND
2 1 184 179 185 XOR
2 1 6 35 186 XOR
2 1 186 185 187 XOR
2 1 6 185 188 XOR
2 1 35 185 189 XOR
2 1 188 189 190 AND
2 1 190 185 191 XOR
2 1 5 34 192 XOR
2 1 192 191 193 XOR
2 1 5 191 194 XOR
2 1 34 191 195 XOR
2 1 194 195 196 AND
2 1 196 191 197 XOR
2 1 4 33 198 XOR
2 1 198 197 199 XOR
2 1 4 197 200 XOR
2 1 33 197 201 XOR
2 1 200 201 202 AND
2 1 202 197 203 XOR
2 1 3 32 204 XOR
2 1 204 203 205 XOR
2 1 3 203 206 XOR
2 1 32 203 207 XOR
2 1 206 207 208 AND
2 1 208 203 209 XOR
2 1 2 31 210 XOR
2 1 210 209 211 XOR
2 1 2 209 212 XOR
2 1 31 209 213 XOR
2 1 212 213 214 AND
2 1 214 209 215 XOR
2 1 1 30 216 XOR
2 1 216 215 217 XOR
2 1 1 215 218 XOR
2 1 30 215 219 XOR
2 1 218 219 220 AND
2 1 220 215 221 XOR
2 1 0 29 222 XOR
2 1 222 221 223 XOR
2 1 0 221 224 XOR
2 1 29 221 225 XOR
2 1 224 225 226 AND
2 1 226 221 227 XOR
1 1 58 228 EQW
1 1 61 229 EQW
1 1 67 230 EQW
1 1 73 231 EQW
1 1 79 232 EQW
1 1 85 233 EQW
1 1 91 234 EQW
1 1 97 235 EQW
1 1 103 236 EQW
1 1 109 237 EQW
1 1 115 238 EQW
1 1 121 239 EQW
1 1 127 240 EQW
1 1 133 241 EQW
1 1 139 242 EQW
1 1 145 243 EQW
1 1 151 244 EQW
1 1 157 245 EQW
1 1 163 246 EQW
1 1 169 247 EQW
1 1 175 248 EQW
1 1 181 249 EQW
1 1 187 250 EQW
1 1 193 251 EQW
1 1 199 252 EQW
1 1 205 253 EQW
1 1 211 254 EQW
1 1 217 255 EQW
1 1 223 256 EQW
