59 77
2 9 9
1 9

2 1 8 17 18 XOR
2 1 8 17 19 AND
2 1 7 16 20 XOR
2 1 20 19 21 XOR
2 1 7 19 22 XOR
2 1 16 19 23 XOR
2 1 22 23 24 AND
2 1 24 19 25 XOR
2 1 6 15 26 XOR
2 1 26 25 27 XOR
2 1 6 25 28 XOR
2 1 15 25 29 XOR
2 1 28 29 30 AND
2 1 30 25 31 XOR
2 1 5 14 32 XOR
2 1 32 31 33 XOR
2 1 5 31 34 XOR
2 1 14 31 35 XOR
2 1 34 35 36 AND
2 1 36 31 37 XOR
2 1 4 13 38 XOR
2 1 38 37 39 XOR
2 1 4 37 40 XOR
2 1 13 37 41 XOR
2 1 40 41 42 AND
2 1 42 37 43 XOR
2 1 3 12 44 XOR
2 1 44 43 45 XOR
2 1 3 43 46 XOR
2 1 12 43 47 XOR
2 1 46 47 48 AND
2 1 48 43 49 XOR
2 1 2 11 50 XOR
2 1 50 49 51 XOR
2 1 2 49 52 XOR
2 1 11 49 53 XOR
2 1 52 53 54 AND
2 1 54 49 55 XOR
2 1 1 10 56 XOR
2 1 56 55 57 XOR
2 1 1 55 58 XOR
2 1 10 55 59 XOR
2 1 58 59 60 AND
2 1 60 55 61 XOR
2 1 0 9 62 XOR
2 1 62 61 63 XOR
2 1 0 61 64 XOR
2 1 9 61 65 XOR
2 1 64 65 66 AND
2 1 66 61 67 XOR
1 1 18 68 EQW
1 1 21 69 EQW
1 1 27 70 EQW
1 1 33 71 EQW
1 1 39 72 EQW
1 1 45 73 EQW
1 1 51 74 EQW
1 1 57 75 EQW
1 1 63 76 EQW
