122 158
2 18 18
1 18

2 1 17 35 36 XOR
2 1 17 35 37 AND
2 1 16 34 38 XOR
2 1 38 37 39 XOR
2 1 16 37 40 XOR
2 1 34 37 41 XOR
2 1 40 41 42 AND
2 1 42 37 43 XOR
2 1 15 33 44 XOR
2 1 44 43 45 XOR
2 1 15 43 46 XOR
2 1 33 43 47 XOR
2 1 46 47 48 AND
2 1 48 43 49 XOR
2 1 14 32 50 XOR
2 1 50 49 51 XOR
2 1 14 49 52 XOR
2 1 32 49 53 XOR
2 1 52 53 54 AND
2 1 54 49 55 XOR
2 1 13 31 56 XOR
2 1 56 55 57 XOR
2 1 13 55 58 XOR
2 1 31 55 59 XOR
2 1 58 59 60 AND
2 1 60 55 61 XOR
2 1 12 30 62 XOR
2 1 62 61 63 XOR
2 1 12 61 64 XOR
2 1 30 61 65 XOR
2 1 64 65 66 AND
2 1 66 61 67 XOR
2 1 11 29 68 XOR
2 1 68 67 69 XOR
2 1 11 67 70 XOR
2 1 29 67 71 XOR
2 1 70 71 72 AND
2 1 72 67 73 XOR
2 1 10 28 74 XOR
2 1 74 73 75 XOR
2 1 10 73 76 XOR
2 1 28 73 77 XOR
2 1 76 77 78 AND
2 1 78 73 79 XOR
2 1 9 27 80 XOR
2 1 80 79 81 XOR
2 1 9 79 82 XOR
2 1 27 79 83 XOR
2 1 82 83 84 AND
2 1 84 79 85 XOR
2 1 8 26 86 XOR
2 1 86 85 87 XOR
2 1 8 85 88 XOR
2 1 26 85 89 XOR
2 1 88 89 90 AND
2 1 90 85 91 XOR
2 1 7 25 92 XOR
2 1 92 91 93 XOR
2 1 7 91 94 XOR
2 1 25 91 95 XOR
2 1 94 95 96 AND
2 1 96 91 97 XOR
2 1 6 24 98 XOR
2 1 98 97 99 XOR
2 1 6 97 100 XOR
2 1 24 97 101 XOR
2 1 100 101 102 AND
2 1 102 97 103 XOR
2 1 5 23 104 XOR
2 1 104 103 105 XOR
2 1 5 103 106 XOR
2 1 23 103 107 XOR
2 1 106 107 108 AND
2 1 108 103 109 XOR
2 1 4 22 110 XOR
2 1 110 109 111 XOR
2 1 4 109 112 XOR
2 1 22 109 113 XOR
2 1 112 113 114 AND
2 1 114 109 115 XOR
2 1 3 21 116 XOR
2 1 116 115 117 XOR
2 1 3 115 118 XOR
2 1 21 115 119 XOR
2 1 118 119 120 AND
2 1 120 115 121 XOR
2 1 2 20 122 XOR
2 1 122 121 123 XOR
2 1 2 121 124 XOR
2 1 20 121 125 XOR
2 1 124 125 126 AND
2 1 126 121 127 XOR
2 1 1 19 128 XOR
2 1 128 127 129 XOR
2 1 1 127 130 XOR
2 1 19 127 131 XOR
2 1 130 131 132 AND
2 1 132 127 133 XOR
2 1 0 18 134 XOR
2 1 134 133 135 XOR
2 1 0 133 136 XOR
2 1 18 133 137 XOR
2 1 136 137 138 AND
2 1 138 133 139 XOR
1 1 36 140 EQW
1 1 39 141 EQW
1 1 45 142 EQW
1 1 51 143 EQW
1 1 57 144 EQW
1 1 63 145 EQW
1 1 69 146 EQW
1 1 75 147 EQW
1 1 81 148 EQW
1 1 87 149 EQW
1 1 93 150 EQW
1 1 99 151 EQW
1 1 105 152 EQW
1 1 111 153 EQW
1 1 117 154 EQW
1 1 123 155 EQW
1 1 129 156 EQW
1 1 135 157 EQW
