185 239
2 27 27
1 27

2 1 26 53 54 XOR
2 1 26 53 55 AND
2 1 25 52 56 XOR
2 1 56 55 57 XOR
2 1 25 55 58 XOR
2 1 52 55 59 XOR
2 1 58 59 60 AND
2 1 60 55 61 XOR
2 1 24 51 62 XOR
2 1 62 61 63 XOR
2 1 24 61 64 XOR
2 1 51 61 65 XOR
2 1 64 65 66 AND
2 1 66 61 67 XOR
2 1 23 50 68 XOR
2 1 68 67 69 XOR
2 1 23 67 70 XOR
2 1 50 67 71 XOR
2 1 70 71 72 AND
2 1 72 67 73 XOR
2 1 22 49 74 XOR
2 1 74 73 75 XOR
2 1 22 73 76 XOR
2 1 49 73 77 XOR
2 1 76 77 78 AND
2 1 78 73 79 XOR
2 1 21 48 80 XOR
2 1 80 79 81 XOR
2 1 21 79 82 XOR
2 1 48 79 83 XOR
2 1 82 83 84 AND
2 1 84 79 85 XOR
2 1 20 47 86 XOR
2 1 86 85 87 XOR
2 1 20 85 88 XOR
2 1 47 85 89 XOR
2 1 88 89 90 AND
2 1 90 85 91 XOR
2 1 19 46 92 XOR
2 1 92 91 93 XOR
2 1 19 91 94 XOR
2 1 46 91 95 XOR
2 1 94 95 96 AND
2 1 96 91 97 XOR
2 1 18 45 98 XOR
2 1 98 97 99 XOR
2 1 18 97 100 XOR
2 1 45 97 101 XOR
2 1 100 101 102 AND
2 1 102 97 103 XOR
2 1 17 44 104 XOR
2 1 104 103 105 XOR
2 1 17 103 106 XOR
2 1 44 103 107 XOR
2 1 106 107 108 AND
2 1 108 103 109 XOR
2 1 16 43 110 XOR
2 1 110 109 111 XOR
2 1 16 109 112 XOR
2 1 43 109 113 XOR
2 1 112 113 114 AND
2 1 114 109 115 XOR
2 1 15 42 116 XOR
2 1 116 115 117 XOR
2 1 15 115 118 XOR
2 1 42 115 119 XOR
2 1 118 119 120 AND
2 1 120 115 121 XOR
2 1 14 41 122 XOR
2 1 122 121 123 XOR
2 1 14 121 124 XOR
2 1 41 121 125 XOR
2 1 124 125 126 AND
2 1 126 121 127 XOR
2 1 13 40 128 XOR
2 1 128 127 129 XOR
2 1 13 127 130 XOR
2 1 40 127 131 XOR
2 1 130 131 132 AND
2 1 132 127 133 XOR
2 1 12 39 134 XOR
2 1 134 133 135 XOR
2 1 12 133 136 XOR
2 1 39 133 137 XOR
2 1 136 137 138 AND
2 1 138 133 139 XOR
2 1 11 38 140 XOR
2 1 140 139 141 XOR
2 1 11 139 142 XOR
2 1 38 139 143 XOR
2 1 142 143 144 AND
2 1 144 139 145 XOR
2 1 10 37 146 XOR
2 1 146 145 147 XOR
2 1 10 145 148 XOR
2 1 37 145 149 XOR
2 1 148 149 150 AND
2 1 150 145 151 XOR
2 1 9 36 152 XOR
2 1 152 151 153 XOR
2 1 9 151 154 XOR
2 1 36 151 155 XOR
2 1 154 155 156 AND
2 1 156 151 157 XOR
2 1 8 35 158 XOR
2 1 158 157 159 XOR
2 1 8 157 160 XOR
2 1 35 157 161 XOR
2 1 160 161 162 AND
2 1 162 157 163 XOR
2 1 7 34 164 XOR
2 1 164 163 165 XOR
2 1 7 163 166 XOR
2 1 34 163 167 XOR
2 1 166 167 168 AND
2 1 168 163 169 XOR
2 1 6 33 170 XOR
2 1 170 169 171 XOR
2 1 6 169 172 XOR
2 1 33 169 173 XOR
2 1 172 173 174 AND
2 1 174 169 175 XOR
2 1 5 32 176 XOR
2 1 176 175 177 XOR
2 1 5 175 178 XOR
2 1 32 175 179 XOR
2 1 178 179 180 AND
2 1 180 175 181 XOR
2 1 4 31 182 XOR
2 1 182 181 183 XOR
2 1 4 181 184 XOR
2 1 31 181 185 XOR
2 1 184 185 186 AND
2 1 186 181 187 XOR
2 1 3 30 188 XOR
2 1 188 187 189 XOR
2 1 3 187 190 XOR
2 1 30 187 191 XOR
2 1 190 191 192 AND
2 1 192 187 193 XOR
2 1 2 29 194 XOR
2 1 194 193 195 XOR
2 1 2 193 196 XOR
2 1 29 193 197 XOR
2 1 196 197 198 AND
2 1 198 193 199 XOR
2 1 1 28 200 XOR
2 1 200 199 201 XOR
2 1 1 199 202 XOR
2 1 28 199 203 XOR
2 1 202 203 204 AND
2 1 204 199 205 XOR
2 1 0 27 206 XOR
2 1 206 205 207 XOR
2 1 0 205 208 XOR
2 1 27 205 209 XOR
2 1 208 209 210 AND
2 1 210 205 211 XOR
1 1 54 212 EQW
1 1 57 213 EQW
1 1 63 214 EQW
1 1 69 215 EQW
1 1 75 216 EQW
1 1 81 217 EQW
1 1 87 218 EQW
1 1 93 219 EQW
1 1 99 220 EQW
1 1 105 221 EQW
1 1 111 222 EQW
1 1 117 223 EQW
1 1 123 224 EQW
1 1 129 225 EQW
1 1 135 226 EQW
1 1 141 227 EQW
1 1 147 228 EQW
1 1 153 229 EQW
1 1 159 230 EQW
1 1 165 231 EQW
1 1 171 232 EQW
1 1 177 233 EQW
1 1 183 234 EQW
1 1 189 235 EQW
1 1 195 236 EQW
1 1 201 237 EQW
1 1 207 238 EQW
