52 68
2 8 8
1 8

2 1 7 15 16 XOR
2 1 7 15 17 AND
2 1 6 14 18 XOR
2 1 18 17 19 XOR
2 1 6 17 20 XOR
2 1 14 17 21 XOR
2 1 20 21 22 AND
2 1 22 17 23 XOR
2 1 5 13 24 XOR
2 1 24 23 25 XOR
2 1 5 23 26 XOR
2 1 13 23 27 XOR
2 1 26 27 28 AND
2 1 28 23 29 XOR
2 1 4 12 30 XOR
2 1 30 29 31 XOR
2 1 4 29 32 XOR
2 1 12 29 33 XOR
2 1 32 33 34 AND
2 1 34 29 35 XOR
2 1 3 11 36 XOR
2 1 36 35 37 XOR
2 1 3 35 38 XOR
2 1 11 35 39 XOR
2 1 38 39 40 AND
2 1 40 35 41 XOR
2 1 2 10 42 XOR
2 1 42 41 43 XOR
2 1 2 41 44 XOR
2 1 10 41 45 XOR
2 1 44 45 46 AND
2 1 46 41 47 XOR
2 1 1 9 48 XOR
2 1 48 47 49 XOR
2 1 1 47 50 XOR
2 1 9 47 51 XOR
2 1 50 51 52 AND
2 1 52 47 53 XOR
2 1 0 8 54 XOR
2 1 54 53 55 XOR
2 1 0 53 56 XOR
2 1 8 53 57 XOR
2 1 56 57 58 AND
2 1 58 53 59 XOR
1 1 16 60 EQW
1 1 19 61 EQW
1 1 25 62 EQW
1 1 31 63 EQW
1 1 37 64 EQW
1 1 43 65 EQW
1 1 49 66 EQW
1 1 55 67 EQW
