87 113
2 13 13
1 13

2 1 12 25 26 XOR
2 1 12 25 27 AND
2 1 11 24 28 XOR
2 1 28 27 29 XOR
2 1 11 27 30 XOR
2 1 24 27 31 XOR
2 1 30 31 32 AND
2 1 32 27 33 XOR
2 1 10 23 34 XOR
2 1 34 33 35 XOR
2 1 10 33 36 XOR
2 1 23 33 37 XOR
2 1 36 37 38 AND
2 1 38 33 39 XOR
2 1 9 22 40 XOR
2 1 40 39 41 XOR
2 1 9 39 42 XOR
2 1 22 39 43 XOR
2 1 42 43 44 AND
2 1 44 39 45 XOR
2 1 8 21 46 XOR
2 1 46 45 47 XOR
2 1 8 45 48 XOR
2 1 21 45 49 XOR
2 1 48 49 50 AND
2 1 50 45 51 XOR
2 1 7 20 52 XOR
2 1 52 51 53 XOR
2 1 7 51 54 XOR
2 1 20 51 55 XOR
2 1 54 55 56 AND
2 1 56 51 57 XOR
2 1 6 19 58 XOR
2 1 58 57 59 XOR
2 1 6 57 60 XOR
2 1 19 57 61 XOR
2 1 60 61 62 AND
2 1 62 57 63 XOR
2 1 5 18 64 XOR
2 1 64 63 65 XOR
2 1 5 63 66 XOR
2 1 18 63 67 XOR
2 1 66 67 68 AND
2 1 68 63 69 XOR
2 1 4 17 70 XOR
2 1 70 69 71 XOR
2 1 4 69 72 XOR
2 1 17 69 73 XOR
2 1 72 73 74 AND
2 1 74 69 75 XOR
2 1 3 16 76 XOR
2 1 76 75 77 XOR
2 1 3 75 78 XOR
2 1 16 75 79 XOR
2 1 78 79 80 AND
2 1 80 75 81 XOR
2 1 2 15 82 XOR
2 1 82 81 83 XOR
2 1 2 81 84 XOR
2 1 15 81 85 XOR
2 1 84 85 86 AND
2 1 86 81 87 XOR
2 1 1 14 88 XOR
2 1 88 87 89 XOR
2 1 1 87 90 XOR
2 1 14 87 91 XOR
2 1 90 91 92 AND
2 1 92 87 93 XOR
2 1 0 13 94 XOR
2 1 94 93 95 XOR
2 1 0 93 96 XOR
2 1 13 93 97 XOR
2 1 96 97 98 AND
2 1 98 93 99 XOR
1 1 26 100 EQW
1 1 29 101 EQW
1 1 35 102 EQW
1 1 41 103 EQW
1 1 47 104 EQW
1 1 53 105 EQW
1 1 59 106 EQW
1 1 65 107 EQW
1 1 71 108 EQW
1 1 77 109 EQW
1 1 83 110 EQW
1 1 89 111 EQW
1 1 95 112 EQW
