178 230
2 26 26
1 26

2 1 25 51 52 XOR
2 1 25 51 53 AND
2 1 24 50 54 XOR
2 1 54 53 55 XOR
2 1 24 53 56 XOR
2 1 50 53 57 XOR
2 1 56 57 58 AND
2 1 58 53 59 XOR
2 1 23 49 60 XOR
2 1 60 59 61 XOR
2 1 23 59 62 XOR
2 1 49 59 63 XOR
2 1 62 63 64 AND
2 1 64 59 65 XOR
2 1 22 48 66 XOR
2 1 66 65 67 XOR
2 1 22 65 68 XOR
2 1 48 65 69 XOR
2 1 68 69 70 AND
2 1 70 65 71 XOR
2 1 21 47 72 XOR
2 1 72 71 73 XOR
2 1 21 71 74 XOR
2 1 47 71 75 XOR
2 1 74 75 76 AND
2 1 76 71 77 XOR
2 1 20 46 78 XOR
2 1 78 77 79 XOR
2 1 20 77 80 XOR
2 1 46 77 81 XOR
2 1 80 81 82 AND
2 1 82 77 83 XOR
2 1 19 45 84 XOR
2 1 84 83 85 XOR
2 1 19 83 86 XOR
2 1 45 83 87 XOR
2 1 86 87 88 AND
2 1 88 83 89 XOR
2 1 18 44 90 XOR
2 1 90 89 91 XOR
2 1 18 89 92 XOR
2 1 44 89 93 XOR
2 1 92 93 94 AND
2 1 94 89 95 XOR
2 1 17 43 96 XOR
2 1 96 95 97 XOR
2 1 17 95 98 XOR
2 1 43 95 99 XOR
2 1 98 99 100 AND
2 1 100 95 101 XOR
2 1 16 42 102 XOR
2 1 102 101 103 XOR
2 1 16 101 104 XOR
2 1 42 101 105 XOR
2 1 104 105 106 AND
2 1 106 101 107 XOR
2 1 15 41 108 XOR
2 1 108 107 109 XOR
2 1 15 107 110 XOR
2 1 41 107 111 XOR
2 1 110 111 112 AND
2 1 112 107 113 XOR
2 1 14 40 114 XOR
2 1 114 113 115 XOR
2 1 14 113 116 XOR
2 1 40 113 117 XOR
2 1 116 117 118 AND
2 1 118 113 119 XOR
2 1 13 39 120 XOR
2 1 120 119 121 XOR
2 1 13 119 122 XOR
2 1 39 119 123 XOR
2 1 122 123 124 AND
2 1 124 119 125 XOR
2 1 12 38 126 XOR
2 1 126 125 127 XOR
2 1 12 125 128 XOR
2 1 38 125 129 XOR
2 1 128 129 130 AND
2 1 130 125 131 XOR
2 1 11 37 132 XOR
2 1 132 131 133 XOR
2 1 11 131 134 XOR
2 1 37 131 135 XOR
2 1 134 135 136 AND
2 1 136 131 137 XOR
2 1 10 36 138 XOR
2 1 138 137 139 XOR
2 1 10 137 140 XOR
2 1 36 137 141 XOR
2 1 140 141 142 AND
2 1 142 137 143 XOR
2 1 9 35 144 XOR
2 1 144 143 145 XOR
2 1 9 143 146 XOR
2 1 35 143 147 XOR
2 1 146 147 148 AND
2 1 148 143 149 XOR
2 1 8 34 150 XOR
2 1 150 149 151 XOR
2 1 8 149 152 XOR
2 1 34 149 153 XOR
2 1 152 153 154 AND
2 1 154 149 155 XOR
2 1 7 33 156 XOR
2 1 156 155 157 XOR
2 1 7 155 158 XOR
2 1 33 155 159 XOR
2 1 158 159 160 AND
2 1 160 155 161 XOR
2 1 6 32 162 XOR
2 1 162 161 163 XOR
2 1 6 161 164 XOR
2 1 32 161 165 XOR
2 1 164 165 166 AND
2 1 166 161 167 XOR
2 1 5 31 168 XOR
2 1 168 167 169 XOR
2 1 5 167 170 XOR
2 1 31 167 171 XOR
2 1 170 171 172 AND
2 1 172 167 173 XOR
2 1 4 30 174 XOR
2 1 174 173 175 XOR
2 1 4 173 176 XOR
2 1 30 173 177 XOR
2 1 176 177 178 AND
2 1 178 173 179 XOR
2 1 3 29 180 XOR
2 1 180 179 181 XOR
2 1 3 179 182 XOR
2 1 29 179 183 XOR
2 1 182 183 184 AND
2 1 184 179 185 XOR
2 1 2 28 186 XOR
2 1 186 185 187 XOR
2 1 2 185 188 XOR
2 1 28 185 189 XOR
2 1 188 189 190 AND
2 1 190 185 191 XOR
2 1 1 27 192 XOR
2 1 192 191 193 XOR
2 1 1 191 194 XOR
2 1 27 191 195 XOR
2 1 194 195 196 AND
2 1 196 191 197 XOR
2 1 0 26 198 XOR
2 1 198 197 199 XOR
2 1 0 197 200 XOR
2 1 26 197 201 XOR
2 1 200 201 202 AND
2 1 202 197 203 XOR
1 1 52 204 EQW
1 1 55 205 EQW
1 1 61 206 EQW
1 1 67 207 EQW
1 1 73 208 EQW
1 1 79 209 EQW
1 1 85 210 EQW
1 1 91 211 EQW
1 1 97 212 EQW
1 1 103 213 EQW
1 1 109 214 EQW
1 1 115 215 EQW
1 1 121 216 EQW
1 1 127 217 EQW
1 1 133 218 EQW
1 1 139 219 EQW
1 1 145 220 EQW
1 1 151 221 EQW
1 1 157 222 EQW
1 1 163 223 EQW
1 1 169 224 EQW
1 1 175 225 EQW
1 1 181 226 EQW
1 1 187 227 EQW
1 1 193 228 EQW
1 1 199 229 EQW
