108 140
2 16 16
1 16

2 1 15 31 32 XOR
2 1 15 31 33 AND
2 1 14 30 34 XOR
2 1 34 33 35 XOR
2 1 14 33 36 XOR
2 1 30 33 37 XOR
2 1 36 37 38 AND
2 1 38 33 39 XOR
2 1 13 29 40 XOR
2 1 40 39 41 XOR
2 1 13 39 42 XOR
2 1 29 39 43 XOR
2 1 42 43 44 AND
2 1 44 39 45 XOR
2 1 12 28 46 XOR
2 1 46 45 47 XOR
2 1 12 45 48 XOR
2 1 28 45 49 XOR
2 1 48 49 50 AND
2 1 50 45 51 XOR
2 1 11 27 52 XOR
2 1 52 51 53 XOR
2 1 11 51 54 XOR
2 1 27 51 55 XOR
2 1 54 55 56 AND
2 1 56 51 57 XOR
2 1 10 26 58 XOR
2 1 58 57 59 XOR
2 1 10 57 60 XOR
2 1 26 57 61 XOR
2 1 60 61 62 AND
2 1 62 57 63 XOR
2 1 9 25 64 XOR
2 1 64 63 65 XOR
2 1 9 63 66 XOR
2 1 25 63 67 XOR
2 1 66 67 68 AND
2 1 68 63 69 XOR
2 1 8 24 70 XOR
2 1 70 69 71 XOR
2 1 8 69 72 XOR
2 1 24 69 73 XOR
2 1 72 73 74 AND
2 1 74 69 75 XOR
2 1 7 23 76 XOR
2 1 76 75 77 XOR
2 1 7 75 78 XOR
2 1 23 75 79 XOR
2 1 78 79 80 AND
2 1 80 75 81 XOR
2 1 6 22 82 XOR
2 1 82 81 83 XOR
2 1 6 81 84 XOR
2 1 22 81 85 XOR
2 1 84 85 86 AND
2 1 86 81 87 XOR
2 1 5 21 88 XOR
2 1 88 87 89 XOR
2 1 5 87 90 XOR
2 1 21 87 91 XOR
2 1 90 91 92 AND
2 1 92 87 93 XOR
2 1 4 20 94 XOR
2 1 94 93 95 XOR
2 1 4 93 96 XOR
2 1 20 93 97 XOR
2 1 96 97 98 AND
2 1 98 93 99 XOR
2 1 3 19 100 XOR
2 1 100 99 101 XOR
2 1 3 99 102 XOR
2 1 19 99 103 XOR
2 1 102 103 104 AND
2 1 104 99 105 XOR
2 1 2 18 106 XOR
2 1 106 105 107 XOR
2 1 2 105 108 XOR
2 1 18 105 109 XOR
2 1 108 109 110 AND
2 1 110 105 111 XOR
2 1 1 17 112 XOR
2 1 112 111 113 XOR
2 1 1 111 114 XOR
2 1 17 111 115 XOR
2 1 114 115 116 AND
2 1 116 111 117 XOR
2 1 0 16 118 XOR
2 1 118 117 119 XOR
2 1 0 117 120 XOR
2 1 16 117 121 XOR
2 1 120 121 122 AND
2 1 122 117 123 XOR
1 1 32 124 EQW
1 1 35 125 EQW
1 1 41 126 EQW
1 1 47 127 EQW
1 1 53 128 EQW
1 1 59 129 EQW
1 1 65 130 EQW
1 1 71 131 EQW
1 1 77 132 EQW
1 1 83 133 EQW
1 1 89 134 EQW
1 1 95 135 EQW
1 1 101 136 EQW
1 1 107 137 EQW
1 1 113 138 EQW
1 1 119 139 EQW
