94 122
2 14 14
1 14

2 1 13 27 28 XOR
2 1 13 27 29 AND
2 1 12 26 30 XOR
2 1 30 29 31 XOR
2 1 12 29 32 XOR
2 1 26 29 33 XOR
2 1 32 33 34 AND
2 1 34 29 35 XOR
2 1 11 25 36 XOR
2 1 36 35 37 XOR
2 1 11 35 38 XOR
2 1 25 35 39 XOR
2 1 38 39 40 AND
2 1 40 35 41 XOR
2 1 10 24 42 XOR
2 1 42 41 43 XOR
2 1 10 41 44 XOR
2 1 24 41 45 XOR
2 1 44 45 46 AND
2 1 46 41 47 XOR
2 1 9 23 48 XOR
2 1 48 47 49 XOR
2 1 9 47 50 XOR
2 1 23 47 51 XOR
2 1 50 51 52 AND
2 1 52 47 53 XOR
2 1 8 22 54 XOR
2 1 54 53 55 XOR
2 1 8 53 56 XOR
2 1 22 53 57 XOR
2 1 56 57 58 AND
2 1 58 53 59 XOR
2 1 7 21 60 XOR
2 1 60 59 61 XOR
2 1 7 59 62 XOR
2 1 21 59 63 XOR
2 1 62 63 64 AND
2 1 64 59 65 XOR
2 1 6 20 66 XOR
2 1 66 65 67 XOR
2 1 6 65 68 XOR
2 1 20 65 69 XOR
2 1 68 69 70 AND
2 1 70 65 71 XOR
2 1 5 19 72 XOR
2 1 72 71 73 XOR
2 1 5 71 74 XOR
2 1 19 71 75 XOR
2 1 74 75 76 AND
2 1 76 71 77 XOR
2 1 4 18 78 XOR
2 1 78 77 79 XOR
2 1 4 77 80 XOR
2 1 18 77 81 XOR
2 1 80 81 82 AND
2 1 82 77 83 XOR
2 1 3 17 84 XOR
2 1 84 83 85 XOR
2 1 3 83 86 XOR
2 1 17 83 87 XOR
2 1 86 87 88 AND
2 1 88 83 89 XOR
2 1 2 16 90 XOR
2 1 90 89 91 XOR
2 1 2 89 92 XOR
2 1 16 89 93 XOR
2 1 92 93 94 AND
2 1 94 89 95 XOR
2 1 1 15 96 XOR
2 1 96 95 97 XOR
2 1 1 95 98 XOR
2 1 15 95 99 XOR
2 1 98 99 100 AND
2 1 100 95 101 XOR
2 1 0 14 102 XOR
2 1 102 101 103 XOR
2 1 0 101 104 XOR
2 1 14 101 105 XOR
2 1 104 105 106 AND
2 1 106 101 107 XOR
1 1 28 108 EQW
1 1 31 109 EQW
1 1 37 110 EQW
1 1 43 111 EQW
1 1 49 112 EQW
1 1 55 113 EQW
1 1 61 114 EQW
1 1 67 115 EQW
1 1 73 116 EQW
1 1 79 117 EQW
1 1 85 118 EQW
1 1 91 119 EQW
1 1 97 120 EQW
1 1 103 121 EQW
