150 194
2 22 22
1 22

2 1 21 43 44 XOR
2 1 21 43 45 AND
2 1 20 42 46 XOR
2 1 46 45 47 XOR
2 1 20 45 48 XOR
2 1 42 45 49 XOR
2 1 48 49 50 AND
2 1 50 45 51 XOR
2 1 19 41 52 XOR
2 1 52 51 53 XOR
2 1 19 51 54 XOR
2 1 41 51 55 XOR
2 1 54 55 56 AND
2 1 56 51 57 XOR
2 1 18 40 58 XOR
2 1 58 57 59 XOR
2 1 18 57 60 XOR
2 1 40 57 61 XOR
2 1 60 61 62 AND
2 1 62 57 63 XOR
2 1 17 39 64 XOR
2 1 64 63 65 XOR
2 1 17 63 66 XOR
2 1 39 63 67 XOR
2 1 66 67 68 AND
2 1 68 63 69 XOR
2 1 16 38 70 XOR
2 1 70 69 71 XOR
2 1 16 69 72 XOR
2 1 38 69 73 XOR
2 1 72 73 74 AND
2 1 74 69 75 XOR
2 1 15 37 76 XOR
2 1 76 75 77 XOR
2 1 15 75 78 XOR
2 1 37 75 79 XOR
2 1 78 79 80 AND
2 1 80 75 81 XOR
2 1 14 36 82 XOR
2 1 82 81 83 XOR
2 1 14 81 84 XOR
2 1 36 81 85 XOR
2 1 84 85 86 AND
2 1 86 81 87 XOR
2 1 13 35 88 XOR
2 1 88 87 89 XOR
2 1 13 87 90 XOR
2 1 35 87 91 XOR
2 1 90 91 92 AND
2 1 92 87 93 XOR
2 1 12 34 94 XOR
2 1 94 93 95 XOR
2 1 12 93 96 XOR
2 1 34 93 97 XOR
2 1 96 97 98 AND
2 1 98 93 99 XOR
2 1 11 33 100 XOR
2 1 100 99 101 XOR
2 1 11 99 102 XOR
2 1 33 99 103 XOR
2 1 102 103 104 AND
2 1 104 99 105 XOR
2 1 10 32 106 XOR
2 1 106 105 107 XOR
2 1 10 105 108 XOR
2 1 32 105 109 XOR
2 1 108 109 110 AND
2 1 110 105 111 XOR
2 1 9 31 112 XOR
2 1 112 111 113 XOR
2 1 9 111 114 XOR
2 1 31 111 115 XOR
2 1 114 115 116 AND
2 1 116 111 117 XOR
2 1 8 30 118 XOR
2 1 118 117 119 XOR
2 1 8 117 120 XOR
2 1 30 117 121 XOR
2 1 120 121 122 AND
2 1 122 117 123 XOR
2 1 7 29 124 XOR
2 1 124 123 125 XOR
2 1 7 123 126 XOR
2 1 29 123 127 XOR
2 1 126 127 128 AND
2 1 128 123 129 XOR
2 1 6 28 130 XOR
2 1 130 129 131 XOR
2 1 6 129 132 XOR
2 1 28 129 133 XOR
2 1 132 133 134 AND
2 1 134 129 135 XOR
2 1 5 27 136 XOR
2 1 136 135 137 XOR
2 1 5 135 138 XOR
2 1 27 135 139 XOR
2 1 138 139 140 AND
2 1 140 135 141 XOR
2 1 4 26 142 XOR
2 1 142 141 143 XOR
2 1 4 141 144 XOR
2 1 26 141 145 XOR
2 1 144 145 146 AND
2 1 146 141 147 XOR
2 1 3 25 148 XOR
2 1 148 147 149 XOR
2 1 3 147 150 XOR
2 1 25 147 151 XOR
2 1 150 151 152 AND
2 1 152 147 153 XOR
2 1 2 24 154 XOR
2 1 154 153 155 XOR
2 1 2 153 156 XOR
2 1 24 153 157 XOR
2 1 156 157 158 AND
2 1 158 153 159 XOR
2 1 1 23 160 XOR
2 1 160 159 161 XOR
2 1 1 159 162 XOR
2 1 23 159 163 XOR
2 1 162 163 164 AND
2 1 164 159 165 XOR
2 1 0 22 166 XOR
2 1 166 165 167 XOR
2 1 0 165 168 XOR
2 1 22 165 169 XOR
2 1 168 169 170 AND
2 1 170 165 171 XOR
1 1 44 172 EQW
1 1 47 173 EQW
1 1 53 174 EQW
1 1 59 175 EQW
1 1 65 176 EQW
1 1 71 177 EQW
1 1 77 178 EQW
1 1 83 179 EQW
1 1 89 180 EQW
1 1 95 181 EQW
1 1 101 182 EQW
1 1 107 183 EQW
1 1 113 184 EQW
1 1 119 185 EQW
1 1 125 186 EQW
1 1 131 187 EQW
1 1 137 188 EQW
1 1 143 189 EQW
1 1 149 190 EQW
1 1 155 191 EQW
1 1 161 192 EQW
1 1 167 193 EQW
