220 284
2 32 32
1 32

2 1 31 63 64 XOR
2 1 31 63 65 AND
2 1 30 62 66 XOR
2 1 66 65 67 XOR
2 1 30 65 68 XOR
2 1 62 65 69 XOR
2 1 68 69 70 AND
2 1 70 65 71 XOR
2 1 29 61 72 XOR
2 1 72 71 73 XOR
2 1 29 71 74 XOR
2 1 61 71 75 XOR
2 1 74 75 76 AND
2 1 76 71 77 XOR
2 1 28 60 78 XOR
2 1 78 77 79 XOR
2 1 28 77 80 XOR
2 1 60 77 81 XOR
2 1 80 81 82 AND
2 1 82 77 83 XOR
2 1 27 59 84 XOR
2 1 84 83 85 XOR
2 1 27 83 86 XOR
2 1 59 83 87 XOR
2 1 86 87 88 AND
2 1 88 83 89 XOR
2 1 26 58 90 XOR
2 1 90 89 91 XOR
2 1 26 89 92 XOR
2 1 58 89 93 XOR
2 1 92 93 94 AND
2 1 94 89 95 XOR
2 1 25 57 96 XOR
2 1 96 95 97 XOR
2 1 25 95 98 XOR
2 1 57 95 99 XOR
2 1 98 99 100 AND
2 1 100 95 101 XOR
2 1 24 56 102 XOR
2 1 102 101 103 XOR
2 1 24 101 104 XOR
2 1 56 101 105 XOR
2 1 104 105 106 AND
2 1 106 101 107 XOR
2 1 23 55 108 XOR
2 1 108 107 109 XOR
2 1 23 107 110 XOR
2 1 55 107 111 XOR
2 1 110 111 112 AND
2 1 112 107 113 XOR
2 1 22 54 114 XOR
2 1 114 113 115 XOR
2 1 22 113 116 XOR
2 1 54 113 117 XOR
2 1 116 117 118 AND
2 1 118 113 119 XOR
2 1 21 53 120 XOR
2 1 120 119 121 XOR
2 1 21 119 122 XOR
2 1 53 119 123 XOR
2 1 122 123 124 AND
2 1 124 119 125 XOR
2 1 20 52 126 XOR
2 1 126 125 127 XOR
2 1 20 125 128 XOR
2 1 52 125 129 XOR
2 1 128 129 130 AND
2 1 130 125 131 XOR
2 1 19 51 132 XOR
2 1 132 131 133 XOR
2 1 19 131 134 XOR
2 1 51 131 135 XOR
2 1 134 135 136 AND
2 1 136 131 137 XOR
2 1 18 50 138 XOR
2 1 138 137 139 XOR
2 1 18 137 140 XOR
2 1 50 137 141 XOR
2 1 140 141 142 AND
2 1 142 137 143 XOR
2 1 17 49 144 XOR
2 1 144 143 145 XOR
2 1 17 143 146 XOR
2 1 49 143 147 XOR
2 1 146 147 148 AND
2 1 148 143 149 XOR
2 1 16 48 150 XOR
2 1 150 149 151 XOR
2 1 16 149 152 XOR
2 1 48 149 153 XOR
2 1 152 153 154 AND
2 1 154 149 155 XOR
2 1 15 47 156 XOR
2 1 156 155 157 XOR
2 1 15 155 158 XOR
2 1 47 155 159 XOR
2 1 158 159 160 AND
2 1 160 155 161 XOR
2 1 14 46 162 XOR
2 1 162 161 163 XOR
2 1 14 161 164 XOR
2 1 46 161 165 XOR
2 1 164 165 166 AND
2 1 166 161 167 XOR
2 1 13 45 168 XOR
2 1 168 167 169 XOR
2 1 13 167 170 XOR
2 1 45 167 171 XOR
2 1 170 171 172 AND
2 1 172 167 173 XOR
2 1 12 44 174 XOR
2 1 174 173 175 XOR
2 1 12 173 176 XOR
2 1 44 173 177 XOR
2 1 176 177 178 AND
2 1 178 173 179 XOR
2 1 11 43 180 XOR
2 1 180 179 181 XOR
2 1 11 179 182 XOR
2 1 43 179 183 XOR
2 1 182 183 184 AND
2 1 184 179 185 XOR
2 1 10 42 186 XOR
2 1 186 185 187 XOR
2 1 10 185 188 XOR
2 1 42 185 189 XOR
2 1 188 189 190 AND
2 1 190 185 191 XOR
2 1 9 41 192 XOR
2 1 192 191 193 XOR
2 1 9 191 194 XOR
2 1 41 191 195 XOR
2 1 194 195 196 AND
2 1 196 191 197 XOR
2 1 8 40 198 XOR
2 1 198 197 199 XOR
2 1 8 197 200 XOR
2 1 40 197 201 XOR
2 1 200 201 202 AND
2 1 202 197 203 XOR
2 1 7 39 204 XOR
2 1 204 203 205 XOR
2 1 7 203 206 XOR
2 1 39 203 207 XOR
2 1 206 207 208 AND
2 1 208 203 209 XOR
2 1 6 38 210 XOR
2 1 210 209 211 XOR
2 1 6 209 212 XOR
2 1 38 209 213 XOR
2 1 212 213 214 AND
2 1 214 209 215 XOR
2 1 5 37 216 XOR
2 1 216 215 217 XOR
2 1 5 215 218 XOR
2 1 37 215 219 XOR
2 1 218 219 220 AND
2 1 220 215 221 XOR
2 1 4 36 222 XOR
2 1 222 221 223 XOR
2 1 4 221 224 XOR
2 1 36 221 225 XOR
2 1 224 225 226 AND
2 1 226 221 227 XOR
2 1 3 35 228 XOR
2 1 228 227 229 XOR
2 1 3 227 230 XOR
2 1 35 227 231 XOR
2 1 230 231 232 AND
2 1 232 227 233 XOR
2 1 2 34 234 XOR
2 1 234 233 235 XOR
2 1 2 233 236 XOR
2 1 34 233 237 XOR
2 1 236 237 238 AND
2 1 238 233 239 XOR
2 1 1 33 240 XOR
2 1 240 239 241 XOR
2 1 1 239 242 XOR
2 1 33 239 243 XOR
2 1 242 243 244 AND
2 1 244 239 245 XOR
2 1 0 32 246 XOR
2 1 246 245 247 XOR
2 1 0 245 248 XOR
2 1 32 245 249 XOR
2 1 248 249 250 AND
2 1 250 245 251 XOR
1 1 64 252 EQW
1 1 67 253 EQW
1 1 73 254 EQW
1 1 79 255 EQW
1 1 85 256 EQW
1 1 91 257 EQW
1 1 97 258 EQW
1 1 103 259 EQW
1 1 109 260 EQW
1 1 115 261 EQW
1 1 121 262 EQW
1 1 127 263 EQW
1 1 133 264 EQW
1 1 139 265 EQW
1 1 145 266 EQW
1 1 151 267 EQW
1 1 157 268 EQW
1 1 163 269 EQW
1 1 169 270 EQW
1 1 175 271 EQW
1 1 181 272 EQW
1 1 187 273 EQW
1 1 193 274 EQW
1 1 199 275 EQW
1 1 205 276 EQW
1 1 211 277 EQW
1 1 217 278 EQW
1 1 223 279 EQW
1 1 229 280 EQW
1 1 235 281 EQW
1 1 241 282 EQW
1 1 247 283 EQW
