38 50
2 6 6
1 6

2 1 5 11 12 XOR
2 1 5 11 13 AND
2 1 4 10 14 XOR
2 1 14 13 15 XOR
2 1 4 13 16 XOR
2 1 10 13 17 XOR
2 1 16 17 18 AND
2 1 18 13 19 XOR
2 1 3 9 20 XOR
2 1 20 19 21 XOR
2 1 3 19 22 XOR
2 1 9 19 23 XOR
2 1 22 23 24 AND
2 1 24 19 25 XOR
2 1 2 8 26 XOR
2 1 26 25 27 XOR
2 1 2 25 28 XOR
2 1 8 25 29 XOR
2 1 28 29 30 AND
2 1 30 25 31 XOR
2 1 1 7 32 XOR
2 1 32 31 33 XOR
2 1 1 31 34 XOR
2 1 7 31 35 XOR
2 1 34 35 36 AND
2 1 36 31 37 XOR
2 1 0 6 38 XOR
2 1 38 37 39 XOR
2 1 0 37 40 XOR
2 1 6 37 41 XOR
2 1 40 41 42 AND
2 1 42 37 43 XOR
1 1 12 44 EQW
1 1 15 45 EQW
1 1 21 46 EQW
1 1 27 47 EQW
1 1 33 48 EQW
1 1 39 49 EQW
