30 90
2 30 30
1 30

2 1 0 30 60 AND
2 1 1 31 61 AND
2 1 2 32 62 AND
2 1 3 33 63 AND
2 1 4 34 64 AND
2 1 5 35 65 AND
2 1 6 36 66 AND
2 1 7 37 67 AND
2 1 8 38 68 AND
2 1 9 39 69 AND
2 1 10 40 70 AND
2 1 11 41 71 AND
2 1 12 42 72 AND
2 1 13 43 73 AND
2 1 14 44 74 AND
2 1 15 45 75 AND
2 1 16 46 76 AND
2 1 17 47 77 AND
2 1 18 48 78 AND
2 1 19 49 79 AND
2 1 20 50 80 AND
2 1 21 51 81 AND
2 1 22 52 82 AND
2 1 23 53 83 AND
2 1 24 54 84 AND
2 1 25 55 85 AND
2 1 26 56 86 AND
2 1 27 57 87 AND
2 1 28 58 88 AND
2 1 29 59 89 AND
