31 93
2 31 31
1 31

2 1 0 31 62 AND
2 1 1 32 63 AND
2 1 2 33 64 AND
2 1 3 34 65 AND
2 1 4 35 66 AND
2 1 5 36 67 AND
2 1 6 37 68 AND
2 1 7 38 69 AND
2 1 8 39 70 AND
2 1 9 40 71 AND
2 1 10 41 72 AND
2 1 11 42 73 AND
2 1 12 43 74 AND
2 1 13 44 75 AND
2 1 14 45 76 AND
2 1 15 46 77 AND
2 1 16 47 78 AND
2 1 17 48 79 AND
2 1 18 49 80 AND
2 1 19 50 81 AND
2 1 20 51 82 AND
2 1 21 52 83 AND
2 1 22 53 84 AND
2 1 23 54 85 AND
2 1 24 55 86 AND
2 1 25 56 87 AND
2 1 26 57 88 AND
2 1 27 58 89 AND
2 1 28 59 90 AND
2 1 29 60 91 AND
2 1 30 61 92 AND
