29 87
2 29 29
1 29

2 1 0 29 58 AND
2 1 1 30 59 AND
2 1 2 31 60 AND
2 1 3 32 61 AND
2 1 4 33 62 AND
2 1 5 34 63 AND
2 1 6 35 64 AND
2 1 7 36 65 AND
2 1 8 37 66 AND
2 1 9 38 67 AND
2 1 10 39 68 AND
2 1 11 40 69 AND
2 1 12 41 70 AND
2 1 13 42 71 AND
2 1 14 43 72 AND
2 1 15 44 73 AND
2 1 16 45 74 AND
2 1 17 46 75 AND
2 1 18 47 76 AND
2 1 19 48 77 AND
2 1 20 49 78 AND
2 1 21 50 79 AND
2 1 22 51 80 AND
2 1 23 52 81 AND
2 1 24 53 82 AND
2 1 25 54 83 AND
2 1 26 55 84 AND
2 1 27 56 85 AND
2 1 28 57 86 AND
