327 375
2 24 24
1 1

1 1 24 48 INV
2 1 0 48 49 AND
1 1 0 50 INV
2 1 24 50 51 AND
1 1 25 52 INV
1 1 51 53 INV
2 1 52 53 54 AND
2 1 1 54 55 AND
2 1 49 55 56 AND
2 1 49 55 57 XOR
2 1 56 57 58 XOR
1 1 1 59 INV
1 1 49 60 INV
2 1 59 60 61 AND
2 1 25 61 62 AND
2 1 51 62 63 AND
2 1 51 62 64 XOR
2 1 63 64 65 XOR
1 1 26 66 INV
1 1 65 67 INV
2 1 66 67 68 AND
2 1 2 68 69 AND
2 1 58 69 70 AND
2 1 58 69 71 XOR
2 1 70 71 72 XOR
1 1 2 73 INV
1 1 58 74 INV
2 1 73 74 75 AND
2 1 26 75 76 AND
2 1 65 76 77 AND
2 1 65 76 78 XOR
2 1 77 78 79 XOR
1 1 27 80 INV
1 1 79 81 INV
2 1 80 81 82 AND
2 1 3 82 83 AND
2 1 72 83 84 AND
2 1 72 83 85 XOR
2 1 84 85 86 XOR
1 1 3 87 INV
1 1 72 88 INV
2 1 87 88 89 AND
2 1 27 89 90 AND
2 1 79 90 91 AND
2 1 79 90 92 XOR
2 1 91 92 93 XOR
1 1 28 94 INV
1 1 93 95 INV
2 1 94 95 96 AND
2 1 4 96 97 AND
2 1 86 97 98 AND
2 1 86 97 99 XOR
2 1 98 99 100 XOR
1 1 4 101 INV
1 1 86 102 INV
2 1 101 102 103 AND
2 1 28 103 104 AND
2 1 93 104 105 AND
2 1 93 104 106 XOR
2 1 105 106 107 XOR
1 1 29 108 INV
1 1 107 109 INV
2 1 108 109 110 AND
2 1 5 110 111 AND
2 1 100 111 112 AND
2 1 100 111 113 XOR
2 1 112 113 114 XOR
1 1 5 115 INV
1 1 100 116 INV
2 1 115 116 117 AND
2 1 29 117 118 AND
2 1 107 118 119 AND
2 1 107 118 120 XOR
2 1 119 120 121 XOR
1 1 30 122 INV
1 1 121 123 INV
2 1 122 123 124 AND
2 1 6 124 125 AND
2 1 114 125 126 AND
2 1 114 125 127 XOR
2 1 126 127 128 XOR
1 1 6 129 INV
1 1 114 130 INV
2 1 129 130 131 AND
2 1 30 131 132 AND
2 1 121 132 133 AND
2 1 121 132 134 XOR
2 1 133 134 135 XOR
1 1 31 136 INV
1 1 135 137 INV
2 1 136 137 138 AND
2 1 7 138 139 AND
2 1 128 139 140 AND
2 1 128 139 141 XOR
2 1 140 141 142 XOR
1 1 7 143 INV
1 1 128 144 INV
2 1 143 144 145 AND
2 1 31 145 146 AND
2 1 135 146 147 AND
2 1 135 146 148 XOR
2 1 147 148 149 XOR
1 1 32 150 INV
1 1 149 151 INV
2 1 150 151 152 AND
2 1 8 152 153 AND
2 1 142 153 154 AND
2 1 142 153 155 XOR
2 1 154 155 156 XOR
1 1 8 157 INV
1 1 142 158 INV
2 1 157 158 159 AND
2 1 32 159 160 AND
2 1 149 160 161 AND
2 1 149 160 162 XOR
2 1 161 162 163 XOR
1 1 33 164 INV
1 1 163 165 INV
2 1 164 165 166 AND
2 1 9 166 167 AND
2 1 156 167 168 AND
2 1 156 167 169 XOR
2 1 168 169 170 XOR
1 1 9 171 INV
1 1 156 172 INV
2 1 171 172 173 AND
2 1 33 173 174 AND
2 1 163 174 175 AND
2 1 163 174 176 XOR
2 1 175 176 177 XOR
1 1 34 178 INV
1 1 177 179 INV
2 1 178 179 180 AND
2 1 10 180 181 AND
2 1 170 181 182 AND
2 1 170 181 183 XOR
2 1 182 183 184 XOR
1 1 10 185 INV
1 1 170 186 INV
2 1 185 186 187 AND
2 1 34 187 188 AND
2 1 177 188 189 AND
2 1 177 188 190 XOR
2 1 189 190 191 XOR
1 1 35 192 INV
1 1 191 193 INV
2 1 192 193 194 AND
2 1 11 194 195 AND
2 1 184 195 196 AND
2 1 184 195 197 XOR
2 1 196 197 198 XOR
1 1 11 199 INV
1 1 184 200 INV
2 1 199 200 201 AND
2 1 35 201 202 AND
2 1 191 202 203 AND
2 1 191 202 204 XOR
2 1 203 204 205 XOR
1 1 36 206 INV
1 1 205 207 INV
2 1 206 207 208 AND
2 1 12 208 209 AND
2 1 198 209 210 AND
2 1 198 209 211 XOR
2 1 210 211 212 XOR
1 1 12 213 INV
1 1 198 214 INV
2 1 213 214 215 AND
2 1 36 215 216 AND
2 1 205 216 217 AND
2 1 205 216 218 XOR
2 1 217 218 219 XOR
1 1 37 220 INV
1 1 219 221 INV
2 1 220 221 222 AND
2 1 13 222 223 AND
2 1 212 223 224 AND
2 1 212 223 225 XOR
2 1 224 225 226 XOR
1 1 13 227 INV
1 1 212 228 INV
2 1 227 228 229 AND
2 1 37 229 230 AND
2 1 219 230 231 AND
2 1 219 230 232 XOR
2 1 231 232 233 XOR
1 1 38 234 INV
1 1 233 235 INV
2 1 234 235 236 AND
2 1 14 236 237 AND
2 1 226 237 238 AND
2 1 226 237 239 XOR
2 1 238 239 240 XOR
1 1 14 241 INV
1 1 226 242 INV
2 1 241 242 243 AND
2 1 38 243 244 AND
2 1 233 244 245 AND
2 1 233 244 246 XOR
2 1 245 246 247 XOR
1 1 39 248 INV
1 1 247 249 INV
2 1 248 249 250 AND
2 1 15 250 251 AND
2 1 240 251 252 AND
2 1 240 251 253 XOR
2 1 252 253 254 XOR
1 1 15 255 INV
1 1 240 256 INV
2 1 255 256 257 AND
2 1 39 257 258 AND
2 1 247 258 259 AND
2 1 247 258 260 XOR
2 1 259 260 261 XOR
1 1 40 262 INV
1 1 261 263 INV
2 1 262 263 264 AND
2 1 16 264 265 AND
2 1 254 265 266 AND
2 1 254 265 267 XOR
2 1 266 267 268 XOR
1 1 16 269 INV
1 1 254 270 INV
2 1 269 270 271 AND
2 1 40 271 272 AND
2 1 261 272 273 AND
2 1 261 272 274 XOR
2 1 273 274 275 XOR
1 1 41 276 INV
1 1 275 277 INV
2 1 276 277 278 AND
2 1 17 278 279 AND
2 1 268 279 280 AND
2 1 268 279 281 XOR
2 1 280 281 282 XOR
1 1 17 283 INV
1 1 268 284 INV
2 1 283 284 285 AND
2 1 41 285 286 AND
2 1 275 286 287 AND
2 1 275 286 288 XOR
2 1 287 288 289 XOR
1 1 42 290 INV
1 1 289 291 INV
2 1 290 291 292 AND
2 1 18 292 293 AND
2 1 282 293 294 AND
2 1 282 293 295 XOR
2 1 294 295 296 XOR
1 1 18 297 INV
1 1 282 298 INV
2 1 297 298 299 AND
2 1 42 299 300 AND
2 1 289 300 301 AND
2 1 289 300 302 XOR
2 1 301 302 303 XOR
1 1 43 304 INV
1 1 303 305 INV
2 1 304 305 306 AND
2 1 19 306 307 AND
2 1 296 307 308 AND
2 1 296 307 309 XOR
2 1 308 309 310 XOR
1 1 19 311 INV
1 1 296 312 INV
2 1 311 312 313 AND
2 1 43 313 314 AND
2 1 303 314 315 AND
2 1 303 314 316 XOR
2 1 315 316 317 XOR
1 1 44 318 INV
1 1 317 319 INV
2 1 318 319 320 AND
2 1 20 320 321 AND
2 1 310 321 322 AND
2 1 310 321 323 XOR
2 1 322 323 324 XOR
1 1 20 325 INV
1 1 310 326 INV
2 1 325 326 327 AND
2 1 44 327 328 AND
2 1 317 328 329 AND
2 1 317 328 330 XOR
2 1 329 330 331 XOR
1 1 45 332 INV
1 1 331 333 INV
2 1 332 333 334 AND
2 1 21 334 335 AND
2 1 324 335 336 AND
2 1 324 335 337 XOR
2 1 336 337 338 XOR
1 1 21 339 INV
1 1 324 340 INV
2 1 339 340 341 AND
2 1 45 341 342 AND
2 1 331 342 343 AND
2 1 331 342 344 XOR
2 1 343 344 345 XOR
1 1 46 346 INV
1 1 345 347 INV
2 1 346 347 348 AND
2 1 22 348 349 AND
2 1 338 349 350 AND
2 1 338 349 351 XOR
2 1 350 351 352 XOR
1 1 22 353 INV
1 1 338 354 INV
2 1 353 354 355 AND
2 1 46 355 356 AND
2 1 345 356 357 AND
2 1 345 356 358 XOR
2 1 357 358 359 XOR
1 1 47 360 INV
1 1 359 361 INV
2 1 360 361 362 AND
2 1 23 362 363 AND
2 1 352 363 364 AND
2 1 352 363 365 XOR
2 1 364 365 366 XOR
1 1 23 367 INV
1 1 352 368 INV
2 1 367 368 369 AND
2 1 47 369 370 AND
2 1 359 370 371 AND
2 1 359 370 372 XOR
2 1 371 372 373 XOR
1 1 366 374 EQW
