173 199
2 13 13
1 1

1 1 13 26 INV
2 1 0 26 27 AND
1 1 0 28 INV
2 1 13 28 29 AND
1 1 14 30 INV
1 1 29 31 INV
2 1 30 31 32 AND
2 1 1 32 33 AND
2 1 27 33 34 AND
2 1 27 33 35 XOR
2 1 34 35 36 XOR
1 1 1 37 INV
1 1 27 38 INV
2 1 37 38 39 AND
2 1 14 39 40 AND
2 1 29 40 41 AND
2 1 29 40 42 XOR
2 1 41 42 43 XOR
1 1 15 44 INV
1 1 43 45 INV
2 1 44 45 46 AND
2 1 2 46 47 AND
2 1 36 47 48 AND
2 1 36 47 49 XOR
2 1 48 49 50 XOR
1 1 2 51 INV
1 1 36 52 INV
2 1 51 52 53 AND
2 1 15 53 54 AND
2 1 43 54 55 AND
2 1 43 54 56 XOR
2 1 55 56 57 XOR
1 1 16 58 INV
1 1 57 59 INV
2 1 58 59 60 AND
2 1 3 60 61 AND
2 1 50 61 62 AND
2 1 50 61 63 XOR
2 1 62 63 64 XOR
1 1 3 65 INV
1 1 50 66 INV
2 1 65 66 67 AND
2 1 16 67 68 AND
2 1 57 68 69 AND
2 1 57 68 70 XOR
2 1 69 70 71 XOR
1 1 17 72 INV
1 1 71 73 INV
2 1 72 73 74 AND
2 1 4 74 75 AND
2 1 64 75 76 AND
2 1 64 75 77 XOR
2 1 76 77 78 XOR
1 1 4 79 INV
1 1 64 80 INV
2 1 79 80 81 AND
2 1 17 81 82 AND
2 1 71 82 83 AND
2 1 71 82 84 XOR
2 1 83 84 85 XOR
1 1 18 86 INV
1 1 85 87 INV
2 1 86 87 88 AND
2 1 5 88 89 AND
2 1 78 89 90 AND
2 1 78 89 91 XOR
2 1 90 91 92 XOR
1 1 5 93 INV
1 1 78 94 INV
2 1 93 94 95 AND
2 1 18 95 96 AND
2 1 85 96 97 AND
2 1 85 96 98 XOR
2 1 97 98 99 XOR
1 1 19 100 INV
1 1 99 101 INV
2 1 100 101 102 AND
2 1 6 102 103 AND
2 1 92 103 104 AND
2 1 92 103 105 XOR
2 1 104 105 106 XOR
1 1 6 107 INV
1 1 92 108 INV
2 1 107 108 109 AND
2 1 19 109 110 AND
2 1 99 110 111 AND
2 1 99 110 112 XOR
2 1 111 112 113 XOR
1 1 20 114 INV
1 1 113 115 INV
2 1 114 115 116 AND
2 1 7 116 117 AND
2 1 106 117 118 AND
2 1 106 117 119 XOR
2 1 118 119 120 XOR
1 1 7 121 INV
1 1 106 122 INV
2 1 121 122 123 AND
2 1 20 123 124 AND
2 1 113 124 125 AND
2 1 113 124 126 XOR
2 1 125 126 127 XOR
1 1 21 128 INV
1 1 127 129 INV
2 1 128 129 130 AND
2 1 8 130 131 AND
2 1 120 131 132 AND
2 1 120 131 133 XOR
2 1 132 133 134 XOR
1 1 8 135 INV
1 1 120 136 INV
2 1 135 136 137 AND
2 1 21 137 138 AND
2 1 127 138 139 AND
2 1 127 138 140 XOR
2 1 139 140 141 XOR
1 1 22 142 INV
1 1 141 143 INV
2 1 142 143 144 AND
2 1 9 144 145 AND
2 1 134 145 146 AND
2 1 134 145 147 XOR
2 1 146 147 148 XOR
1 1 9 149 INV
1 1 134 150 INV
2 1 149 150 151 AND
2 1 22 151 152 AND
2 1 141 152 153 AND
2 1 141 152 154 XOR
2 1 153 154 155 XOR
1 1 23 156 INV
1 1 155 157 INV
2 1 156 157 158 AND
2 1 10 158 159 AND
2 1 148 159 160 AND
2 1 148 159 161 XOR
2 1 160 161 162 XOR
1 1 10 163 INV
1 1 148 164 INV
2 1 163 164 165 AND
2 1 23 165 166 AND
2 1 155 166 167 AND
2 1 155 166 168 XOR
2 1 167 168 169 XOR
1 1 24 170 INV
1 1 169 171 INV
2 1 170 171 172 AND
2 1 11 172 173 AND
2 1 162 173 174 AND
2 1 162 173 175 XOR
2 1 174 175 176 XOR
1 1 11 177 INV
1 1 162 178 INV
2 1 177 178 179 AND
2 1 24 179 180 AND
2 1 169 180 181 AND
2 1 169 180 182 XOR
2 1 181 182 183 XOR
1 1 25 184 INV
1 1 183 185 INV
2 1 184 185 186 AND
2 1 12 186 187 AND
2 1 176 187 188 AND
2 1 176 187 189 XOR
2 1 188 189 190 XOR
1 1 12 191 INV
1 1 176 192 INV
2 1 191 192 193 AND
2 1 25 193 194 AND
2 1 183 194 195 AND
2 1 183 194 196 XOR
2 1 195 196 197 XOR
1 1 190 198 EQW
