47 55
2 4 4
1 1

1 1 4 8 INV
2 1 0 8 9 AND
1 1 0 10 INV
2 1 4 10 11 AND
1 1 5 12 INV
1 1 11 13 INV
2 1 12 13 14 AND
2 1 1 14 15 AND
2 1 9 15 16 AND
2 1 9 15 17 XOR
2 1 16 17 18 XOR
1 1 1 19 INV
1 1 9 20 INV
2 1 19 20 21 AND
2 1 5 21 22 AND
2 1 11 22 23 AND
2 1 11 22 24 XOR
2 1 23 24 25 XOR
1 1 6 26 INV
1 1 25 27 INV
2 1 26 27 28 AND
2 1 2 28 29 AND
2 1 18 29 30 AND
2 1 18 29 31 XOR
2 1 30 31 32 XOR
1 1 2 33 INV
1 1 18 34 INV
2 1 33 34 35 AND
2 1 6 35 36 AND
2 1 25 36 37 AND
2 1 25 36 38 XOR
2 1 37 38 39 XOR
1 1 7 40 INV
1 1 39 41 INV
2 1 40 41 42 AND
2 1 3 42 43 AND
2 1 32 43 44 AND
2 1 32 43 45 XOR
2 1 44 45 46 XOR
1 1 3 47 INV
1 1 32 48 INV
2 1 47 48 49 AND
2 1 7 49 50 AND
2 1 39 50 51 AND
2 1 39 50 52 XOR
2 1 51 52 53 XOR
1 1 46 54 EQW
