439 503
2 32 32
1 1

1 1 32 64 INV
2 1 0 64 65 AND
1 1 0 66 INV
2 1 32 66 67 AND
1 1 33 68 INV
1 1 67 69 INV
2 1 68 69 70 AND
2 1 1 70 71 AND
2 1 65 71 72 AND
2 1 65 71 73 XOR
2 1 72 73 74 XOR
1 1 1 75 INV
1 1 65 76 INV
2 1 75 76 77 AND
2 1 33 77 78 AND
2 1 67 78 79 AND
2 1 67 78 80 XOR
2 1 79 80 81 XOR
1 1 34 82 INV
1 1 81 83 INV
2 1 82 83 84 AND
2 1 2 84 85 AND
2 1 74 85 86 AND
2 1 74 85 87 XOR
2 1 86 87 88 XOR
1 1 2 89 INV
1 1 74 90 INV
2 1 89 90 91 AND
2 1 34 91 92 AND
2 1 81 92 93 AND
2 1 81 92 94 XOR
2 1 93 94 95 XOR
1 1 35 96 INV
1 1 95 97 INV
2 1 96 97 98 AND
2 1 3 98 99 AND
2 1 88 99 100 AND
2 1 88 99 101 XOR
2 1 100 101 102 XOR
1 1 3 103 INV
1 1 88 104 INV
2 1 103 104 105 AND
2 1 35 105 106 AND
2 1 95 106 107 AND
2 1 95 106 108 XOR
2 1 107 108 109 XOR
1 1 36 110 INV
1 1 109 111 INV
2 1 110 111 112 AND
2 1 4 112 113 AND
2 1 102 113 114 AND
2 1 102 113 115 XOR
2 1 114 115 116 XOR
1 1 4 117 INV
1 1 102 118 INV
2 1 117 118 119 AND
2 1 36 119 120 AND
2 1 109 120 121 AND
2 1 109 120 122 XOR
2 1 121 122 123 XOR
1 1 37 124 INV
1 1 123 125 INV
2 1 124 125 126 AND
2 1 5 126 127 AND
2 1 116 127 128 AND
2 1 116 127 129 XOR
2 1 128 129 130 XOR
1 1 5 131 INV
1 1 116 132 INV
2 1 131 132 133 AND
2 1 37 133 134 AND
2 1 123 134 135 AND
2 1 123 134 136 XOR
2 1 135 136 137 XOR
1 1 38 138 INV
1 1 137 139 INV
2 1 138 139 140 AND
2 1 6 140 141 AND
2 1 130 141 142 AND
2 1 130 141 143 XOR
2 1 142 143 144 XOR
1 1 6 145 INV
1 1 130 146 INV
2 1 145 146 147 AND
2 1 38 147 148 AND
2 1 137 148 149 AND
2 1 137 148 150 XOR
2 1 149 150 151 XOR
1 1 39 152 INV
1 1 151 153 INV
2 1 152 153 154 AND
2 1 7 154 155 AND
2 1 144 155 156 AND
2 1 144 155 157 XOR
2 1 156 157 158 XOR
1 1 7 159 INV
1 1 144 160 INV
2 1 159 160 161 AND
2 1 39 161 162 AND
2 1 151 162 163 AND
2 1 151 162 164 XOR
2 1 163 164 165 XOR
1 1 40 166 INV
1 1 165 167 INV
2 1 166 167 168 AND
2 1 8 168 169 AND
2 1 158 169 170 AND
2 1 158 169 171 XOR
2 1 170 171 172 XOR
1 1 8 173 INV
1 1 158 174 INV
2 1 173 174 175 AND
2 1 40 175 176 AND
2 1 165 176 177 AND
2 1 165 176 178 XOR
2 1 177 178 179 XOR
1 1 41 180 INV
1 1 179 181 INV
2 1 180 181 182 AND
2 1 9 182 183 AND
2 1 172 183 184 AND
2 1 172 183 185 XOR
2 1 184 185 186 XOR
1 1 9 187 INV
1 1 172 188 INV
2 1 187 188 189 AND
2 1 41 189 190 AND
2 1 179 190 191 AND
2 1 179 190 192 XOR
2 1 191 192 193 XOR
1 1 42 194 INV
1 1 193 195 INV
2 1 194 195 196 AND
2 1 10 196 197 AND
2 1 186 197 198 AND
2 1 186 197 199 XOR
2 1 198 199 200 XOR
1 1 10 201 INV
1 1 186 202 INV
2 1 201 202 203 AND
2 1 42 203 204 AND
2 1 193 204 205 AND
2 1 193 204 206 XOR
2 1 205 206 207 XOR
1 1 43 208 INV
1 1 207 209 INV
2 1 208 209 210 AND
2 1 11 210 211 AND
2 1 200 211 212 AND
2 1 200 211 213 XOR
2 1 212 213 214 XOR
1 1 11 215 INV
1 1 200 216 INV
2 1 215 216 217 AND
2 1 43 217 218 AND
2 1 207 218 219 AND
2 1 207 218 220 XOR
2 1 219 220 221 XOR
1 1 44 222 INV
1 1 221 223 INV
2 1 222 223 224 AND
2 1 12 224 225 AND
2 1 214 225 226 AND
2 1 214 225 227 XOR
2 1 226 227 228 XOR
1 1 12 229 INV
1 1 214 230 INV
2 1 229 230 231 AND
2 1 44 231 232 AND
2 1 221 232 233 AND
2 1 221 232 234 XOR
2 1 233 234 235 XOR
1 1 45 236 INV
1 1 235 237 INV
2 1 236 237 238 AND
2 1 13 238 239 AND
2 1 228 239 240 AND
2 1 228 239 241 XOR
2 1 240 241 242 XOR
1 1 13 243 INV
1 1 228 244 INV
2 1 243 244 245 AND
2 1 45 245 246 AND
2 1 235 246 247 AND
2 1 235 246 248 XOR
2 1 247 248 249 XOR
1 1 46 250 INV
1 1 249 251 INV
2 1 250 251 252 AND
2 1 14 252 253 AND
2 1 242 253 254 AND
2 1 242 253 255 XOR
2 1 254 255 256 XOR
1 1 14 257 INV
1 1 242 258 INV
2 1 257 258 259 AND
2 1 46 259 260 AND
2 1 249 260 261 AND
2 1 249 260 262 XOR
2 1 261 262 263 XOR
1 1 47 264 INV
1 1 263 265 INV
2 1 264 265 266 AND
2 1 15 266 267 AND
2 1 256 267 268 AND
2 1 256 267 269 XOR
2 1 268 269 270 XOR
1 1 15 271 INV
1 1 256 272 INV
2 1 271 272 273 AND
2 1 47 273 274 AND
2 1 263 274 275 AND
2 1 263 274 276 XOR
2 1 275 276 277 XOR
1 1 48 278 INV
1 1 277 279 INV
2 1 278 279 280 AND
2 1 16 280 281 AND
2 1 270 281 282 AND
2 1 270 281 283 XOR
2 1 282 283 284 XOR
1 1 16 285 INV
1 1 270 286 INV
2 1 285 286 287 AND
2 1 48 287 288 AND
2 1 277 288 289 AND
2 1 277 288 290 XOR
2 1 289 290 291 XOR
1 1 49 292 INV
1 1 291 293 INV
2 1 292 293 294 AND
2 1 17 294 295 AND
2 1 284 295 296 AND
2 1 284 295 297 XOR
2 1 296 297 298 XOR
1 1 17 299 INV
1 1 284 300 INV
2 1 299 300 301 AND
2 1 49 301 302 AND
2 1 291 302 303 AND
2 1 291 302 304 XOR
2 1 303 304 305 XOR
1 1 50 306 INV
1 1 305 307 INV
2 1 306 307 308 AND
2 1 18 308 309 AND
2 1 298 309 310 AND
2 1 298 309 311 XOR
2 1 310 311 312 XOR
1 1 18 313 INV
1 1 298 314 INV
2 1 313 314 315 AND
2 1 50 315 316 AND
2 1 305 316 317 AND
2 1 305 316 318 XOR
2 1 317 318 319 XOR
1 1 51 320 INV
1 1 319 321 INV
2 1 320 321 322 AND
2 1 19 322 323 AND
2 1 312 323 324 AND
2 1 312 323 325 XOR
2 1 324 325 326 XOR
1 1 19 327 INV
1 1 312 328 INV
2 1 327 328 329 AND
2 1 51 329 330 AND
2 1 319 330 331 AND
2 1 319 330 332 XOR
2 1 331 332 333 XOR
1 1 52 334 INV
1 1 333 335 INV
2 1 334 335 336 AND
2 1 20 336 337 AND
2 1 326 337 338 AND
2 1 326 337 339 XOR
2 1 338 339 340 XOR
1 1 20 341 INV
1 1 326 342 INV
2 1 341 342 343 AND
2 1 52 343 344 AND
2 1 333 344 345 AND
2 1 333 344 346 XOR
2 1 345 346 347 XOR
1 1 53 348 INV
1 1 347 349 INV
2 1 348 349 350 AND
2 1 21 350 351 AND
2 1 340 351 352 AND
2 1 340 351 353 XOR
2 1 352 353 354 XOR
1 1 21 355 INV
1 1 340 356 INV
2 1 355 356 357 AND
2 1 53 357 358 AND
2 1 347 358 359 AND
2 1 347 358 360 XOR
2 1 359 360 361 XOR
1 1 54 362 INV
1 1 361 363 INV
2 1 362 363 364 AND
2 1 22 364 365 AND
2 1 354 365 366 AND
2 1 354 365 367 XOR
2 1 366 367 368 XOR
1 1 22 369 INV
1 1 354 370 INV
2 1 369 370 371 AND
2 1 54 371 372 AND
2 1 361 372 373 AND
2 1 361 372 374 XOR
2 1 373 374 375 XOR
1 1 55 376 INV
1 1 375 377 INV
2 1 376 377 378 AND
2 1 23 378 379 AND
2 1 368 379 380 AND
2 1 368 379 381 XOR
2 1 380 381 382 XOR
1 1 23 383 INV
1 1 368 384 INV
2 1 383 384 385 AND
2 1 55 385 386 AND
2 1 375 386 387 AND
2 1 375 386 388 XOR
2 1 387 388 389 XOR
1 1 56 390 INV
1 1 389 391 INV
2 1 390 391 392 AND
2 1 24 392 393 AND
2 1 382 393 394 AND
2 1 382 393 395 XOR
2 1 394 395 396 XOR
1 1 24 397 INV
1 1 382 398 INV
2 1 397 398 399 AND
2 1 56 399 400 AND
2 1 389 400 401 AND
2 1 389 400 402 XOR
2 1 401 402 403 XOR
1 1 57 404 INV
1 1 403 405 INV
2 1 404 405 406 AND
2 1 25 406 407 AND
2 1 396 407 408 AND
2 1 396 407 409 XOR
2 1 408 409 410 XOR
1 1 25 411 INV
1 1 396 412 INV
2 1 411 412 413 AND
2 1 57 413 414 AND
2 1 403 414 415 AND
2 1 403 414 416 XOR
2 1 415 416 417 XOR
1 1 58 418 INV
1 1 417 419 INV
2 1 418 419 420 AND
2 1 26 420 421 AND
2 1 410 421 422 AND
2 1 410 421 423 XOR
2 1 422 423 424 XOR
1 1 26 425 INV
1 1 410 426 INV
2 1 425 426 427 AND
2 1 58 427 428 AND
2 1 417 428 429 AND
2 1 417 428 430 XOR
2 1 429 430 431 XOR
1 1 59 432 INV
1 1 431 433 INV
2 1 432 433 434 AND
2 1 27 434 435 AND
2 1 424 435 436 AND
2 1 424 435 437 XOR
2 1 436 437 438 XOR
1 1 27 439 INV
1 1 424 440 INV
2 1 439 440 441 AND
2 1 59 441 442 AND
2 1 431 442 443 AND
2 1 431 442 444 XOR
2 1 443 444 445 XOR
1 1 60 446 INV
1 1 445 447 INV
2 1 446 447 448 AND
2 1 28 448 449 AND
2 1 438 449 450 AND
2 1 438 449 451 XOR
2 1 450 451 452 XOR
1 1 28 453 INV
1 1 438 454 INV
2 1 453 454 455 AND
2 1 60 455 456 AND
2 1 445 456 457 AND
2 1 445 456 458 XOR
2 1 457 458 459 XOR
1 1 61 460 INV
1 1 459 461 INV
2 1 460 461 462 AND
2 1 29 462 463 AND
2 1 452 463 464 AND
2 1 452 463 465 XOR
2 1 464 465 466 XOR
1 1 29 467 INV
1 1 452 468 INV
2 1 467 468 469 AND
2 1 61 469 470 AND
2 1 459 470 471 AND
2 1 459 470 472 XOR
2 1 471 472 473 XOR
1 1 62 474 INV
1 1 473 475 INV
2 1 474 475 476 AND
2 1 30 476 477 AND
2 1 466 477 478 AND
2 1 466 477 479 XOR
2 1 478 479 480 XOR
1 1 30 481 INV
1 1 466 482 INV
2 1 481 482 483 AND
2 1 62 483 484 AND
2 1 473 484 485 AND
2 1 473 484 486 XOR
2 1 485 486 487 XOR
1 1 63 488 INV
1 1 487 489 INV
2 1 488 489 490 AND
2 1 31 490 491 AND
2 1 480 491 492 AND
2 1 480 491 493 XOR
2 1 492 493 494 XOR
1 1 31 495 INV
1 1 480 496 INV
2 1 495 496 497 AND
2 1 63 497 498 AND
2 1 487 498 499 AND
2 1 487 498 500 XOR
2 1 499 500 501 XOR
1 1 494 502 EQW
