271 311
2 20 20
1 1

1 1 20 40 INV
2 1 0 40 41 AND
1 1 0 42 INV
2 1 20 42 43 AND
1 1 21 44 INV
1 1 43 45 INV
2 1 44 45 46 AND
2 1 1 46 47 AND
2 1 41 47 48 AND
2 1 41 47 49 XOR
2 1 48 49 50 XOR
1 1 1 51 INV
1 1 41 52 INV
2 1 51 52 53 AND
2 1 21 53 54 AND
2 1 43 54 55 AND
2 1 43 54 56 XOR
2 1 55 56 57 XOR
1 1 22 58 INV
1 1 57 59 INV
2 1 58 59 60 AND
2 1 2 60 61 AND
2 1 50 61 62 AND
2 1 50 61 63 XOR
2 1 62 63 64 XOR
1 1 2 65 INV
1 1 50 66 INV
2 1 65 66 67 AND
2 1 22 67 68 AND
2 1 57 68 69 AND
2 1 57 68 70 XOR
2 1 69 70 71 XOR
1 1 23 72 INV
1 1 71 73 INV
2 1 72 73 74 AND
2 1 3 74 75 AND
2 1 64 75 76 AND
2 1 64 75 77 XOR
2 1 76 77 78 XOR
1 1 3 79 INV
1 1 64 80 INV
2 1 79 80 81 AND
2 1 23 81 82 AND
2 1 71 82 83 AND
2 1 71 82 84 XOR
2 1 83 84 85 XOR
1 1 24 86 INV
1 1 85 87 INV
2 1 86 87 88 AND
2 1 4 88 89 AND
2 1 78 89 90 AND
2 1 78 89 91 XOR
2 1 90 91 92 XOR
1 1 4 93 INV
1 1 78 94 INV
2 1 93 94 95 AND
2 1 24 95 96 AND
2 1 85 96 97 AND
2 1 85 96 98 XOR
2 1 97 98 99 XOR
1 1 25 100 INV
1 1 99 101 INV
2 1 100 101 102 AND
2 1 5 102 103 AND
2 1 92 103 104 AND
2 1 92 103 105 XOR
2 1 104 105 106 XOR
1 1 5 107 INV
1 1 92 108 INV
2 1 107 108 109 AND
2 1 25 109 110 AND
2 1 99 110 111 AND
2 1 99 110 112 XOR
2 1 111 112 113 XOR
1 1 26 114 INV
1 1 113 115 INV
2 1 114 115 116 AND
2 1 6 116 117 AND
2 1 106 117 118 AND
2 1 106 117 119 XOR
2 1 118 119 120 XOR
1 1 6 121 INV
1 1 106 122 INV
2 1 121 122 123 AND
2 1 26 123 124 AND
2 1 113 124 125 AND
2 1 113 124 126 XOR
2 1 125 126 127 XOR
1 1 27 128 INV
1 1 127 129 INV
2 1 128 129 130 AND
2 1 7 130 131 AND
2 1 120 131 132 AND
2 1 120 131 133 XOR
2 1 132 133 134 XOR
1 1 7 135 INV
1 1 120 136 INV
2 1 135 136 137 AND
2 1 27 137 138 AND
2 1 127 138 139 AND
2 1 127 138 140 XOR
2 1 139 140 141 XOR
1 1 28 142 INV
1 1 141 143 INV
2 1 142 143 144 AND
2 1 8 144 145 AND
2 1 134 145 146 AND
2 1 134 145 147 XOR
2 1 146 147 148 XOR
1 1 8 149 INV
1 1 134 150 INV
2 1 149 150 151 AND
2 1 28 151 152 AND
2 1 141 152 153 AND
2 1 141 152 154 XOR
2 1 153 154 155 XOR
1 1 29 156 INV
1 1 155 157 INV
2 1 156 157 158 AND
2 1 9 158 159 AND
2 1 148 159 160 AND
2 1 148 159 161 XOR
2 1 160 161 162 XOR
1 1 9 163 INV
1 1 148 164 INV
2 1 163 164 165 AND
2 1 29 165 166 AND
2 1 155 166 167 AND
2 1 155 166 168 XOR
2 1 167 168 169 XOR
1 1 30 170 INV
1 1 169 171 INV
2 1 170 171 172 AND
2 1 10 172 173 AND
2 1 162 173 174 AND
2 1 162 173 175 XOR
2 1 174 175 176 XOR
1 1 10 177 INV
1 1 162 178 INV
2 1 177 178 179 AND
2 1 30 179 180 AND
2 1 169 180 181 AND
2 1 169 180 182 XOR
2 1 181 182 183 XOR
1 1 31 184 INV
1 1 183 185 INV
2 1 184 185 186 AND
2 1 11 186 187 AND
2 1 176 187 188 AND
2 1 176 187 189 XOR
2 1 188 189 190 XOR
1 1 11 191 INV
1 1 176 192 INV
2 1 191 192 193 AND
2 1 31 193 194 AND
2 1 183 194 195 AND
2 1 183 194 196 XOR
2 1 195 196 197 XOR
1 1 32 198 INV
1 1 197 199 INV
2 1 198 199 200 AND
2 1 12 200 201 AND
2 1 190 201 202 AND
2 1 190 201 203 XOR
2 1 202 203 204 XOR
1 1 12 205 INV
1 1 190 206 INV
2 1 205 206 207 AND
2 1 32 207 208 AND
2 1 197 208 209 AND
2 1 197 208 210 XOR
2 1 209 210 211 XOR
1 1 33 212 INV
1 1 211 213 INV
2 1 212 213 214 AND
2 1 13 214 215 AND
2 1 204 215 216 AND
2 1 204 215 217 XOR
2 1 216 217 218 XOR
1 1 13 219 INV
1 1 204 220 INV
2 1 219 220 221 AND
2 1 33 221 222 AND
2 1 211 222 223 AND
2 1 211 222 224 XOR
2 1 223 224 225 XOR
1 1 34 226 INV
1 1 225 227 INV
2 1 226 227 228 AND
2 1 14 228 229 AND
2 1 218 229 230 AND
2 1 218 229 231 XOR
2 1 230 231 232 XOR
1 1 14 233 INV
1 1 218 234 INV
2 1 233 234 235 AND
2 1 34 235 236 AND
2 1 225 236 237 AND
2 1 225 236 238 XOR
2 1 237 238 239 XOR
1 1 35 240 INV
1 1 239 241 INV
2 1 240 241 242 AND
2 1 15 242 243 AND
2 1 232 243 244 AND
2 1 232 243 245 XOR
2 1 244 245 246 XOR
1 1 15 247 INV
1 1 232 248 INV
2 1 247 248 249 AND
2 1 35 249 250 AND
2 1 239 250 251 AND
2 1 239 250 252 XOR
2 1 251 252 253 XOR
1 1 36 254 INV
1 1 253 255 INV
2 1 254 255 256 AND
2 1 16 256 257 AND
2 1 246 257 258 AND
2 1 246 257 259 XOR
2 1 258 259 260 XOR
1 1 16 261 INV
1 1 246 262 INV
2 1 261 262 263 AND
2 1 36 263 264 AND
2 1 253 264 265 AND
2 1 253 264 266 XOR
2 1 265 266 267 XOR
1 1 37 268 INV
1 1 267 269 INV
2 1 268 269 270 AND
2 1 17 270 271 AND
2 1 260 271 272 AND
2 1 260 271 273 XOR
2 1 272 273 274 XOR
1 1 17 275 INV
1 1 260 276 INV
2 1 275 276 277 AND
2 1 37 277 278 AND
2 1 267 278 279 AND
2 1 267 278 280 XOR
2 1 279 280 281 XOR
1 1 38 282 INV
1 1 281 283 INV
2 1 282 283 284 AND
2 1 18 284 285 AND
2 1 274 285 286 AND
2 1 274 285 287 XOR
2 1 286 287 288 XOR
1 1 18 289 INV
1 1 274 290 INV
2 1 289 290 291 AND
2 1 38 291 292 AND
2 1 281 292 293 AND
2 1 281 292 294 XOR
2 1 293 294 295 XOR
1 1 39 296 INV
1 1 295 297 INV
2 1 296 297 298 AND
2 1 19 298 299 AND
2 1 288 299 300 AND
2 1 288 299 301 XOR
2 1 300 301 302 XOR
1 1 19 303 INV
1 1 288 304 INV
2 1 303 304 305 AND
2 1 39 305 306 AND
2 1 295 306 307 AND
2 1 295 306 308 XOR
2 1 307 308 309 XOR
1 1 302 310 EQW
