1783 2039
2 128 128
1 1

1 1 128 256 INV
2 1 0 256 257 AND
1 1 0 258 INV
2 1 128 258 259 AND
1 1 129 260 INV
1 1 259 261 INV
2 1 260 261 262 AND
2 1 1 262 263 AND
2 1 257 263 264 AND
2 1 257 263 265 XOR
2 1 264 265 266 XOR
1 1 1 267 INV
1 1 257 268 INV
2 1 267 268 269 AND
2 1 129 269 270 AND
2 1 259 270 271 AND
2 1 259 270 272 XOR
2 1 271 272 273 XOR
1 1 130 274 INV
1 1 273 275 INV
2 1 274 275 276 AND
2 1 2 276 277 AND
2 1 266 277 278 AND
2 1 266 277 279 XOR
2 1 278 279 280 XOR
1 1 2 281 INV
1 1 266 282 INV
2 1 281 282 283 AND
2 1 130 283 284 AND
2 1 273 284 285 AND
2 1 273 284 286 XOR
2 1 285 286 287 XOR
1 1 131 288 INV
1 1 287 289 INV
2 1 288 289 290 AND
2 1 3 290 291 AND
2 1 280 291 292 AND
2 1 280 291 293 XOR
2 1 292 293 294 XOR
1 1 3 295 INV
1 1 280 296 INV
2 1 295 296 297 AND
2 1 131 297 298 AND
2 1 287 298 299 AND
2 1 287 298 300 XOR
2 1 299 300 301 XOR
1 1 132 302 INV
1 1 301 303 INV
2 1 302 303 304 AND
2 1 4 304 305 AND
2 1 294 305 306 AND
2 1 294 305 307 XOR
2 1 306 307 308 XOR
1 1 4 309 INV
1 1 294 310 INV
2 1 309 310 311 AND
2 1 132 311 312 AND
2 1 301 312 313 AND
2 1 301 312 314 XOR
2 1 313 314 315 XOR
1 1 133 316 INV
1 1 315 317 INV
2 1 316 317 318 AND
2 1 5 318 319 AND
2 1 308 319 320 AND
2 1 308 319 321 XOR
2 1 320 321 322 XOR
1 1 5 323 INV
1 1 308 324 INV
2 1 323 324 325 AND
2 1 133 325 326 AND
2 1 315 326 327 AND
2 1 315 326 328 XOR
2 1 327 328 329 XOR
1 1 134 330 INV
1 1 329 331 INV
2 1 330 331 332 AND
2 1 6 332 333 AND
2 1 322 333 334 AND
2 1 322 333 335 XOR
2 1 334 335 336 XOR
1 1 6 337 INV
1 1 322 338 INV
2 1 337 338 339 AND
2 1 134 339 340 AND
2 1 329 340 341 AND
2 1 329 340 342 XOR
2 1 341 342 343 XOR
1 1 135 344 INV
1 1 343 345 INV
2 1 344 345 346 AND
2 1 7 346 347 AND
2 1 336 347 348 AND
2 1 336 347 349 XOR
2 1 348 349 350 XOR
1 1 7 351 INV
1 1 336 352 INV
2 1 351 352 353 AND
2 1 135 353 354 AND
2 1 343 354 355 AND
2 1 343 354 356 XOR
2 1 355 356 357 XOR
1 1 136 358 INV
1 1 357 359 INV
2 1 358 359 360 AND
2 1 8 360 361 AND
2 1 350 361 362 AND
2 1 350 361 363 XOR
2 1 362 363 364 XOR
1 1 8 365 INV
1 1 350 366 INV
2 1 365 366 367 AND
2 1 136 367 368 AND
2 1 357 368 369 AND
2 1 357 368 370 XOR
2 1 369 370 371 XOR
1 1 137 372 INV
1 1 371 373 INV
2 1 372 373 374 AND
2 1 9 374 375 AND
2 1 364 375 376 AND
2 1 364 375 377 XOR
2 1 376 377 378 XOR
1 1 9 379 INV
1 1 364 380 INV
2 1 379 380 381 AND
2 1 137 381 382 AND
2 1 371 382 383 AND
2 1 371 382 384 XOR
2 1 383 384 385 XOR
1 1 138 386 INV
1 1 385 387 INV
2 1 386 387 388 AND
2 1 10 388 389 AND
2 1 378 389 390 AND
2 1 378 389 391 XOR
2 1 390 391 392 XOR
1 1 10 393 INV
1 1 378 394 INV
2 1 393 394 395 AND
2 1 138 395 396 AND
2 1 385 396 397 AND
2 1 385 396 398 XOR
2 1 397 398 399 XOR
1 1 139 400 INV
1 1 399 401 INV
2 1 400 401 402 AND
2 1 11 402 403 AND
2 1 392 403 404 AND
2 1 392 403 405 XOR
2 1 404 405 406 XOR
1 1 11 407 INV
1 1 392 408 INV
2 1 407 408 409 AND
2 1 139 409 410 AND
2 1 399 410 411 AND
2 1 399 410 412 XOR
2 1 411 412 413 XOR
1 1 140 414 INV
1 1 413 415 INV
2 1 414 415 416 AND
2 1 12 416 417 AND
2 1 406 417 418 AND
2 1 406 417 419 XOR
2 1 418 419 420 XOR
1 1 12 421 INV
1 1 406 422 INV
2 1 421 422 423 AND
2 1 140 423 424 AND
2 1 413 424 425 AND
2 1 413 424 426 XOR
2 1 425 426 427 XOR
1 1 141 428 INV
1 1 427 429 INV
2 1 428 429 430 AND
2 1 13 430 431 AND
2 1 420 431 432 AND
2 1 420 431 433 XOR
2 1 432 433 434 XOR
1 1 13 435 INV
1 1 420 436 INV
2 1 435 436 437 AND
2 1 141 437 438 AND
2 1 427 438 439 AND
2 1 427 438 440 XOR
2 1 439 440 441 XOR
1 1 142 442 INV
1 1 441 443 INV
2 1 442 443 444 AND
2 1 14 444 445 AND
2 1 434 445 446 AND
2 1 434 445 447 XOR
2 1 446 447 448 XOR
1 1 14 449 INV
1 1 434 450 INV
2 1 449 450 451 AND
2 1 142 451 452 AND
2 1 441 452 453 AND
2 1 441 452 454 XOR
2 1 453 454 455 XOR
1 1 143 456 INV
1 1 455 457 INV
2 1 456 457 458 AND
2 1 15 458 459 AND
2 1 448 459 460 AND
2 1 448 459 461 XOR
2 1 460 461 462 XOR
1 1 15 463 INV
1 1 448 464 INV
2 1 463 464 465 AND
2 1 143 465 466 AND
2 1 455 466 467 AND
2 1 455 466 468 XOR
2 1 467 468 469 XOR
1 1 144 470 INV
1 1 469 471 INV
2 1 470 471 472 AND
2 1 16 472 473 AND
2 1 462 473 474 AND
2 1 462 473 475 XOR
2 1 474 475 476 XOR
1 1 16 477 INV
1 1 462 478 INV
2 1 477 478 479 AND
2 1 144 479 480 AND
2 1 469 480 481 AND
2 1 469 480 482 XOR
2 1 481 482 483 XOR
1 1 145 484 INV
1 1 483 485 INV
2 1 484 485 486 AND
2 1 17 486 487 AND
2 1 476 487 488 AND
2 1 476 487 489 XOR
2 1 488 489 490 XOR
1 1 17 491 INV
1 1 476 492 INV
2 1 491 492 493 AND
2 1 145 493 494 AND
2 1 483 494 495 AND
2 1 483 494 496 XOR
2 1 495 496 497 XOR
1 1 146 498 INV
1 1 497 499 INV
2 1 498 499 500 AND
2 1 18 500 501 AND
2 1 490 501 502 AND
2 1 490 501 503 XOR
2 1 502 503 504 XOR
1 1 18 505 INV
1 1 490 506 INV
2 1 505 506 507 AND
2 1 146 507 508 AND
2 1 497 508 509 AND
2 1 497 508 510 XOR
2 1 509 510 511 XOR
1 1 147 512 INV
1 1 511 513 INV
2 1 512 513 514 AND
2 1 19 514 515 AND
2 1 504 515 516 AND
2 1 504 515 517 XOR
2 1 516 517 518 XOR
1 1 19 519 INV
1 1 504 520 INV
2 1 519 520 521 AND
2 1 147 521 522 AND
2 1 511 522 523 AND
2 1 511 522 524 XOR
2 1 523 524 525 XOR
1 1 148 526 INV
1 1 525 527 INV
2 1 526 527 528 AND
2 1 20 528 529 AND
2 1 518 529 530 AND
2 1 518 529 531 XOR
2 1 530 531 532 XOR
1 1 20 533 INV
1 1 518 534 INV
2 1 533 534 535 AND
2 1 148 535 536 AND
2 1 525 536 537 AND
2 1 525 536 538 XOR
2 1 537 538 539 XOR
1 1 149 540 INV
1 1 539 541 INV
2 1 540 541 542 AND
2 1 21 542 543 AND
2 1 532 543 544 AND
2 1 532 543 545 XOR
2 1 544 545 546 XOR
1 1 21 547 INV
1 1 532 548 INV
2 1 547 548 549 AND
2 1 149 549 550 AND
2 1 539 550 551 AND
2 1 539 550 552 XOR
2 1 551 552 553 XOR
1 1 150 554 INV
1 1 553 555 INV
2 1 554 555 556 AND
2 1 22 556 557 AND
2 1 546 557 558 AND
2 1 546 557 559 XOR
2 1 558 559 560 XOR
1 1 22 561 INV
1 1 546 562 INV
2 1 561 562 563 AND
2 1 150 563 564 AND
2 1 553 564 565 AND
2 1 553 564 566 XOR
2 1 565 566 567 XOR
1 1 151 568 INV
1 1 567 569 INV
2 1 568 569 570 AND
2 1 23 570 571 AND
2 1 560 571 572 AND
2 1 560 571 573 XOR
2 1 572 573 574 XOR
1 1 23 575 INV
1 1 560 576 INV
2 1 575 576 577 AND
2 1 151 577 578 AND
2 1 567 578 579 AND
2 1 567 578 580 XOR
2 1 579 580 581 XOR
1 1 152 582 INV
1 1 581 583 INV
2 1 582 583 584 AND
2 1 24 584 585 AND
2 1 574 585 586 AND
2 1 574 585 587 XOR
2 1 586 587 588 XOR
1 1 24 589 INV
1 1 574 590 INV
2 1 589 590 591 AND
2 1 152 591 592 AND
2 1 581 592 593 AND
2 1 581 592 594 XOR
2 1 593 594 595 XOR
1 1 153 596 INV
1 1 595 597 INV
2 1 596 597 598 AND
2 1 25 598 599 AND
2 1 588 599 600 AND
2 1 588 599 601 XOR
2 1 600 601 602 XOR
1 1 25 603 INV
1 1 588 604 INV
2 1 603 604 605 AND
2 1 153 605 606 AND
2 1 595 606 607 AND
2 1 595 606 608 XOR
2 1 607 608 609 XOR
1 1 154 610 INV
1 1 609 611 INV
2 1 610 611 612 AND
2 1 26 612 613 AND
2 1 602 613 614 AND
2 1 602 613 615 XOR
2 1 614 615 616 XOR
1 1 26 617 INV
1 1 602 618 INV
2 1 617 618 619 AND
2 1 154 619 620 AND
2 1 609 620 621 AND
2 1 609 620 622 XOR
2 1 621 622 623 XOR
1 1 155 624 INV
1 1 623 625 INV
2 1 624 625 626 AND
2 1 27 626 627 AND
2 1 616 627 628 AND
2 1 616 627 629 XOR
2 1 628 629 630 XOR
1 1 27 631 INV
1 1 616 632 INV
2 1 631 632 633 AND
2 1 155 633 634 AND
2 1 623 634 635 AND
2 1 623 634 636 XOR
2 1 635 636 637 XOR
1 1 156 638 INV
1 1 637 639 INV
2 1 638 639 640 AND
2 1 28 640 641 AND
2 1 630 641 642 AND
2 1 630 641 643 XOR
2 1 642 643 644 XOR
1 1 28 645 INV
1 1 630 646 INV
2 1 645 646 647 AND
2 1 156 647 648 AND
2 1 637 648 649 AND
2 1 637 648 650 XOR
2 1 649 650 651 XOR
1 1 157 652 INV
1 1 651 653 INV
2 1 652 653 654 AND
2 1 29 654 655 AND
2 1 644 655 656 AND
2 1 644 655 657 XOR
2 1 656 657 658 XOR
1 1 29 659 INV
1 1 644 660 INV
2 1 659 660 661 AND
2 1 157 661 662 AND
2 1 651 662 663 AND
2 1 651 662 664 XOR
2 1 663 664 665 XOR
1 1 158 666 INV
1 1 665 667 INV
2 1 666 667 668 AND
2 1 30 668 669 AND
2 1 658 669 670 AND
2 1 658 669 671 XOR
2 1 670 671 672 XOR
1 1 30 673 INV
1 1 658 674 INV
2 1 673 674 675 AND
2 1 158 675 676 AND
2 1 665 676 677 AND
2 1 665 676 678 XOR
2 1 677 678 679 XOR
1 1 159 680 INV
1 1 679 681 INV
2 1 680 681 682 AND
2 1 31 682 683 AND
2 1 672 683 684 AND
2 1 672 683 685 XOR
2 1 684 685 686 XOR
1 1 31 687 INV
1 1 672 688 INV
2 1 687 688 689 AND
2 1 159 689 690 AND
2 1 679 690 691 AND
2 1 679 690 692 XOR
2 1 691 692 693 XOR
1 1 160 694 INV
1 1 693 695 INV
2 1 694 695 696 AND
2 1 32 696 697 AND
2 1 686 697 698 AND
2 1 686 697 699 XOR
2 1 698 699 700 XOR
1 1 32 701 INV
1 1 686 702 INV
2 1 701 702 703 AND
2 1 160 703 704 AND
2 1 693 704 705 AND
2 1 693 704 706 XOR
2 1 705 706 707 XOR
1 1 161 708 INV
1 1 707 709 INV
2 1 708 709 710 AND
2 1 33 710 711 AND
2 1 700 711 712 AND
2 1 700 711 713 XOR
2 1 712 713 714 XOR
1 1 33 715 INV
1 1 700 716 INV
2 1 715 716 717 AND
2 1 161 717 718 AND
2 1 707 718 719 AND
2 1 707 718 720 XOR
2 1 719 720 721 XOR
1 1 162 722 INV
1 1 721 723 INV
2 1 722 723 724 AND
2 1 34 724 725 AND
2 1 714 725 726 AND
2 1 714 725 727 XOR
2 1 726 727 728 XOR
1 1 34 729 INV
1 1 714 730 INV
2 1 729 730 731 AND
2 1 162 731 732 AND
2 1 721 732 733 AND
2 1 721 732 734 XOR
2 1 733 734 735 XOR
1 1 163 736 INV
1 1 735 737 INV
2 1 736 737 738 AND
2 1 35 738 739 AND
2 1 728 739 740 AND
2 1 728 739 741 XOR
2 1 740 741 742 XOR
1 1 35 743 INV
1 1 728 744 INV
2 1 743 744 745 AND
2 1 163 745 746 AND
2 1 735 746 747 AND
2 1 735 746 748 XOR
2 1 747 748 749 XOR
1 1 164 750 INV
1 1 749 751 INV
2 1 750 751 752 AND
2 1 36 752 753 AND
2 1 742 753 754 AND
2 1 742 753 755 XOR
2 1 754 755 756 XOR
1 1 36 757 INV
1 1 742 758 INV
2 1 757 758 759 AND
2 1 164 759 760 AND
2 1 749 760 761 AND
2 1 749 760 762 XOR
2 1 761 762 763 XOR
1 1 165 764 INV
1 1 763 765 INV
2 1 764 765 766 AND
2 1 37 766 767 AND
2 1 756 767 768 AND
2 1 756 767 769 XOR
2 1 768 769 770 XOR
1 1 37 771 INV
1 1 756 772 INV
2 1 771 772 773 AND
2 1 165 773 774 AND
2 1 763 774 775 AND
2 1 763 774 776 XOR
2 1 775 776 777 XOR
1 1 166 778 INV
1 1 777 779 INV
2 1 778 779 780 AND
2 1 38 780 781 AND
2 1 770 781 782 AND
2 1 770 781 783 XOR
2 1 782 783 784 XOR
1 1 38 785 INV
1 1 770 786 INV
2 1 785 786 787 AND
2 1 166 787 788 AND
2 1 777 788 789 AND
2 1 777 788 790 XOR
2 1 789 790 791 XOR
1 1 167 792 INV
1 1 791 793 INV
2 1 792 793 794 AND
2 1 39 794 795 AND
2 1 784 795 796 AND
2 1 784 795 797 XOR
2 1 796 797 798 XOR
1 1 39 799 INV
1 1 784 800 INV
2 1 799 800 801 AND
2 1 167 801 802 AND
2 1 791 802 803 AND
2 1 791 802 804 XOR
2 1 803 804 805 XOR
1 1 168 806 INV
1 1 805 807 INV
2 1 806 807 808 AND
2 1 40 808 809 AND
2 1 798 809 810 AND
2 1 798 809 811 XOR
2 1 810 811 812 XOR
1 1 40 813 INV
1 1 798 814 INV
2 1 813 814 815 AND
2 1 168 815 816 AND
2 1 805 816 817 AND
2 1 805 816 818 XOR
2 1 817 818 819 XOR
1 1 169 820 INV
1 1 819 821 INV
2 1 820 821 822 AND
2 1 41 822 823 AND
2 1 812 823 824 AND
2 1 812 823 825 XOR
2 1 824 825 826 XOR
1 1 41 827 INV
1 1 812 828 INV
2 1 827 828 829 AND
2 1 169 829 830 AND
2 1 819 830 831 AND
2 1 819 830 832 XOR
2 1 831 832 833 XOR
1 1 170 834 INV
1 1 833 835 INV
2 1 834 835 836 AND
2 1 42 836 837 AND
2 1 826 837 838 AND
2 1 826 837 839 XOR
2 1 838 839 840 XOR
1 1 42 841 INV
1 1 826 842 INV
2 1 841 842 843 AND
2 1 170 843 844 AND
2 1 833 844 845 AND
2 1 833 844 846 XOR
2 1 845 846 847 XOR
1 1 171 848 INV
1 1 847 849 INV
2 1 848 849 850 AND
2 1 43 850 851 AND
2 1 840 851 852 AND
2 1 840 851 853 XOR
2 1 852 853 854 XOR
1 1 43 855 INV
1 1 840 856 INV
2 1 855 856 857 AND
2 1 171 857 858 AND
2 1 847 858 859 AND
2 1 847 858 860 XOR
2 1 859 860 861 XOR
1 1 172 862 INV
1 1 861 863 INV
2 1 862 863 864 AND
2 1 44 864 865 AND
2 1 854 865 866 AND
2 1 854 865 867 XOR
2 1 866 867 868 XOR
1 1 44 869 INV
1 1 854 870 INV
2 1 869 870 871 AND
2 1 172 871 872 AND
2 1 861 872 873 AND
2 1 861 872 874 XOR
2 1 873 874 875 XOR
1 1 173 876 INV
1 1 875 877 INV
2 1 876 877 878 AND
2 1 45 878 879 AND
2 1 868 879 880 AND
2 1 868 879 881 XOR
2 1 880 881 882 XOR
1 1 45 883 INV
1 1 868 884 INV
2 1 883 884 885 AND
2 1 173 885 886 AND
2 1 875 886 887 AND
2 1 875 886 888 XOR
2 1 887 888 889 XOR
1 1 174 890 INV
1 1 889 891 INV
2 1 890 891 892 AND
2 1 46 892 893 AND
2 1 882 893 894 AND
2 1 882 893 895 XOR
2 1 894 895 896 XOR
1 1 46 897 INV
1 1 882 898 INV
2 1 897 898 899 AND
2 1 174 899 900 AND
2 1 889 900 901 AND
2 1 889 900 902 XOR
2 1 901 902 903 XOR
1 1 175 904 INV
1 1 903 905 INV
2 1 904 905 906 AND
2 1 47 906 907 AND
2 1 896 907 908 AND
2 1 896 907 909 XOR
2 1 908 909 910 XOR
1 1 47 911 INV
1 1 896 912 INV
2 1 911 912 913 AND
2 1 175 913 914 AND
2 1 903 914 915 AND
2 1 903 914 916 XOR
2 1 915 916 917 XOR
1 1 176 918 INV
1 1 917 919 INV
2 1 918 919 920 AND
2 1 48 920 921 AND
2 1 910 921 922 AND
2 1 910 921 923 XOR
2 1 922 923 924 XOR
1 1 48 925 INV
1 1 910 926 INV
2 1 925 926 927 AND
2 1 176 927 928 AND
2 1 917 928 929 AND
2 1 917 928 930 XOR
2 1 929 930 931 XOR
1 1 177 932 INV
1 1 931 933 INV
2 1 932 933 934 AND
2 1 49 934 935 AND
2 1 924 935 936 AND
2 1 924 935 937 XOR
2 1 936 937 938 XOR
1 1 49 939 INV
1 1 924 940 INV
2 1 939 940 941 AND
2 1 177 941 942 AND
2 1 931 942 943 AND
2 1 931 942 944 XOR
2 1 943 944 945 XOR
1 1 178 946 INV
1 1 945 947 INV
2 1 946 947 948 AND
2 1 50 948 949 AND
2 1 938 949 950 AND
2 1 938 949 951 XOR
2 1 950 951 952 XOR
1 1 50 953 INV
1 1 938 954 INV
2 1 953 954 955 AND
2 1 178 955 956 AND
2 1 945 956 957 AND
2 1 945 956 958 XOR
2 1 957 958 959 XOR
1 1 179 960 INV
1 1 959 961 INV
2 1 960 961 962 AND
2 1 51 962 963 AND
2 1 952 963 964 AND
2 1 952 963 965 XOR
2 1 964 965 966 XOR
1 1 51 967 INV
1 1 952 968 INV
2 1 967 968 969 AND
2 1 179 969 970 AND
2 1 959 970 971 AND
2 1 959 970 972 XOR
2 1 971 972 973 XOR
1 1 180 974 INV
1 1 973 975 INV
2 1 974 975 976 AND
2 1 52 976 977 AND
2 1 966 977 978 AND
2 1 966 977 979 XOR
2 1 978 979 980 XOR
1 1 52 981 INV
1 1 966 982 INV
2 1 981 982 983 AND
2 1 180 983 984 AND
2 1 973 984 985 AND
2 1 973 984 986 XOR
2 1 985 986 987 XOR
1 1 181 988 INV
1 1 987 989 INV
2 1 988 989 990 AND
2 1 53 990 991 AND
2 1 980 991 992 AND
2 1 980 991 993 XOR
2 1 992 993 994 XOR
1 1 53 995 INV
1 1 980 996 INV
2 1 995 996 997 AND
2 1 181 997 998 AND
2 1 987 998 999 AND
2 1 987 998 1000 XOR
2 1 999 1000 1001 XOR
1 1 182 1002 INV
1 1 1001 1003 INV
2 1 1002 1003 1004 AND
2 1 54 1004 1005 AND
2 1 994 1005 1006 AND
2 1 994 1005 1007 XOR
2 1 1006 1007 1008 XOR
1 1 54 1009 INV
1 1 994 1010 INV
2 1 1009 1010 1011 AND
2 1 182 1011 1012 AND
2 1 1001 1012 1013 AND
2 1 1001 1012 1014 XOR
2 1 1013 1014 1015 XOR
1 1 183 1016 INV
1 1 1015 1017 INV
2 1 1016 1017 1018 AND
2 1 55 1018 1019 AND
2 1 1008 1019 1020 AND
2 1 1008 1019 1021 XOR
2 1 1020 1021 1022 XOR
1 1 55 1023 INV
1 1 1008 1024 INV
2 1 1023 1024 1025 AND
2 1 183 1025 1026 AND
2 1 1015 1026 1027 AND
2 1 1015 1026 1028 XOR
2 1 1027 1028 1029 XOR
1 1 184 1030 INV
1 1 1029 1031 INV
2 1 1030 1031 1032 AND
2 1 56 1032 1033 AND
2 1 1022 1033 1034 AND
2 1 1022 1033 1035 XOR
2 1 1034 1035 1036 XOR
1 1 56 1037 INV
1 1 1022 1038 INV
2 1 1037 1038 1039 AND
2 1 184 1039 1040 AND
2 1 1029 1040 1041 AND
2 1 1029 1040 1042 XOR
2 1 1041 1042 1043 XOR
1 1 185 1044 INV
1 1 1043 1045 INV
2 1 1044 1045 1046 AND
2 1 57 1046 1047 AND
2 1 1036 1047 1048 AND
2 1 1036 1047 1049 XOR
2 1 1048 1049 1050 XOR
1 1 57 1051 INV
1 1 1036 1052 INV
2 1 1051 1052 1053 AND
2 1 185 1053 1054 AND
2 1 1043 1054 1055 AND
2 1 1043 1054 1056 XOR
2 1 1055 1056 1057 XOR
1 1 186 1058 INV
1 1 1057 1059 INV
2 1 1058 1059 1060 AND
2 1 58 1060 1061 AND
2 1 1050 1061 1062 AND
2 1 1050 1061 1063 XOR
2 1 1062 1063 1064 XOR
1 1 58 1065 INV
1 1 1050 1066 INV
2 1 1065 1066 1067 AND
2 1 186 1067 1068 AND
2 1 1057 1068 1069 AND
2 1 1057 1068 1070 XOR
2 1 1069 1070 1071 XOR
1 1 187 1072 INV
1 1 1071 1073 INV
2 1 1072 1073 1074 AND
2 1 59 1074 1075 AND
2 1 1064 1075 1076 AND
2 1 1064 1075 1077 XOR
2 1 1076 1077 1078 XOR
1 1 59 1079 INV
1 1 1064 1080 INV
2 1 1079 1080 1081 AND
2 1 187 1081 1082 AND
2 1 1071 1082 1083 AND
2 1 1071 1082 1084 XOR
2 1 1083 1084 1085 XOR
1 1 188 1086 INV
1 1 1085 1087 INV
2 1 1086 1087 1088 AND
2 1 60 1088 1089 AND
2 1 1078 1089 1090 AND
2 1 1078 1089 1091 XOR
2 1 1090 1091 1092 XOR
1 1 60 1093 INV
1 1 1078 1094 INV
2 1 1093 1094 1095 AND
2 1 188 1095 1096 AND
2 1 1085 1096 1097 AND
2 1 1085 1096 1098 XOR
2 1 1097 1098 1099 XOR
1 1 189 1100 INV
1 1 1099 1101 INV
2 1 1100 1101 1102 AND
2 1 61 1102 1103 AND
2 1 1092 1103 1104 AND
2 1 1092 1103 1105 XOR
2 1 1104 1105 1106 XOR
1 1 61 1107 INV
1 1 1092 1108 INV
2 1 1107 1108 1109 AND
2 1 189 1109 1110 AND
2 1 1099 1110 1111 AND
2 1 1099 1110 1112 XOR
2 1 1111 1112 1113 XOR
1 1 190 1114 INV
1 1 1113 1115 INV
2 1 1114 1115 1116 AND
2 1 62 1116 1117 AND
2 1 1106 1117 1118 AND
2 1 1106 1117 1119 XOR
2 1 1118 1119 1120 XOR
1 1 62 1121 INV
1 1 1106 1122 INV
2 1 1121 1122 1123 AND
2 1 190 1123 1124 AND
2 1 1113 1124 1125 AND
2 1 1113 1124 1126 XOR
2 1 1125 1126 1127 XOR
1 1 191 1128 INV
1 1 1127 1129 INV
2 1 1128 1129 1130 AND
2 1 63 1130 1131 AND
2 1 1120 1131 1132 AND
2 1 1120 1131 1133 XOR
2 1 1132 1133 1134 XOR
1 1 63 1135 INV
1 1 1120 1136 INV
2 1 1135 1136 1137 AND
2 1 191 1137 1138 AND
2 1 1127 1138 1139 AND
2 1 1127 1138 1140 XOR
2 1 1139 1140 1141 XOR
1 1 192 1142 INV
1 1 1141 1143 INV
2 1 1142 1143 1144 AND
2 1 64 1144 1145 AND
2 1 1134 1145 1146 AND
2 1 1134 1145 1147 XOR
2 1 1146 1147 1148 XOR
1 1 64 1149 INV
1 1 1134 1150 INV
2 1 1149 1150 1151 AND
2 1 192 1151 1152 AND
2 1 1141 1152 1153 AND
2 1 1141 1152 1154 XOR
2 1 1153 1154 1155 XOR
1 1 193 1156 INV
1 1 1155 1157 INV
2 1 1156 1157 1158 AND
2 1 65 1158 1159 AND
2 1 1148 1159 1160 AND
2 1 1148 1159 1161 XOR
2 1 1160 1161 1162 XOR
1 1 65 1163 INV
1 1 1148 1164 INV
2 1 1163 1164 1165 AND
2 1 193 1165 1166 AND
2 1 1155 1166 1167 AND
2 1 1155 1166 1168 XOR
2 1 1167 1168 1169 XOR
1 1 194 1170 INV
1 1 1169 1171 INV
2 1 1170 1171 1172 AND
2 1 66 1172 1173 AND
2 1 1162 1173 1174 AND
2 1 1162 1173 1175 XOR
2 1 1174 1175 1176 XOR
1 1 66 1177 INV
1 1 1162 1178 INV
2 1 1177 1178 1179 AND
2 1 194 1179 1180 AND
2 1 1169 1180 1181 AND
2 1 1169 1180 1182 XOR
2 1 1181 1182 1183 XOR
1 1 195 1184 INV
1 1 1183 1185 INV
2 1 1184 1185 1186 AND
2 1 67 1186 1187 AND
2 1 1176 1187 1188 AND
2 1 1176 1187 1189 XOR
2 1 1188 1189 1190 XOR
1 1 67 1191 INV
1 1 1176 1192 INV
2 1 1191 1192 1193 AND
2 1 195 1193 1194 AND
2 1 1183 1194 1195 AND
2 1 1183 1194 1196 XOR
2 1 1195 1196 1197 XOR
1 1 196 1198 INV
1 1 1197 1199 INV
2 1 1198 1199 1200 AND
2 1 68 1200 1201 AND
2 1 1190 1201 1202 AND
2 1 1190 1201 1203 XOR
2 1 1202 1203 1204 XOR
1 1 68 1205 INV
1 1 1190 1206 INV
2 1 1205 1206 1207 AND
2 1 196 1207 1208 AND
2 1 1197 1208 1209 AND
2 1 1197 1208 1210 XOR
2 1 1209 1210 1211 XOR
1 1 197 1212 INV
1 1 1211 1213 INV
2 1 1212 1213 1214 AND
2 1 69 1214 1215 AND
2 1 1204 1215 1216 AND
2 1 1204 1215 1217 XOR
2 1 1216 1217 1218 XOR
1 1 69 1219 INV
1 1 1204 1220 INV
2 1 1219 1220 1221 AND
2 1 197 1221 1222 AND
2 1 1211 1222 1223 AND
2 1 1211 1222 1224 XOR
2 1 1223 1224 1225 XOR
1 1 198 1226 INV
1 1 1225 1227 INV
2 1 1226 1227 1228 AND
2 1 70 1228 1229 AND
2 1 1218 1229 1230 AND
2 1 1218 1229 1231 XOR
2 1 1230 1231 1232 XOR
1 1 70 1233 INV
1 1 1218 1234 INV
2 1 1233 1234 1235 AND
2 1 198 1235 1236 AND
2 1 1225 1236 1237 AND
2 1 1225 1236 1238 XOR
2 1 1237 1238 1239 XOR
1 1 199 1240 INV
1 1 1239 1241 INV
2 1 1240 1241 1242 AND
2 1 71 1242 1243 AND
2 1 1232 1243 1244 AND
2 1 1232 1243 1245 XOR
2 1 1244 1245 1246 XOR
1 1 71 1247 INV
1 1 1232 1248 INV
2 1 1247 1248 1249 AND
2 1 199 1249 1250 AND
2 1 1239 1250 1251 AND
2 1 1239 1250 1252 XOR
2 1 1251 1252 1253 XOR
1 1 200 1254 INV
1 1 1253 1255 INV
2 1 1254 1255 1256 AND
2 1 72 1256 1257 AND
2 1 1246 1257 1258 AND
2 1 1246 1257 1259 XOR
2 1 1258 1259 1260 XOR
1 1 72 1261 INV
1 1 1246 1262 INV
2 1 1261 1262 1263 AND
2 1 200 1263 1264 AND
2 1 1253 1264 1265 AND
2 1 1253 1264 1266 XOR
2 1 1265 1266 1267 XOR
1 1 201 1268 INV
1 1 1267 1269 INV
2 1 1268 1269 1270 AND
2 1 73 1270 1271 AND
2 1 1260 1271 1272 AND
2 1 1260 1271 1273 XOR
2 1 1272 1273 1274 XOR
1 1 73 1275 INV
1 1 1260 1276 INV
2 1 1275 1276 1277 AND
2 1 201 1277 1278 AND
2 1 1267 1278 1279 AND
2 1 1267 1278 1280 XOR
2 1 1279 1280 1281 XOR
1 1 202 1282 INV
1 1 1281 1283 INV
2 1 1282 1283 1284 AND
2 1 74 1284 1285 AND
2 1 1274 1285 1286 AND
2 1 1274 1285 1287 XOR
2 1 1286 1287 1288 XOR
1 1 74 1289 INV
1 1 1274 1290 INV
2 1 1289 1290 1291 AND
2 1 202 1291 1292 AND
2 1 1281 1292 1293 AND
2 1 1281 1292 1294 XOR
2 1 1293 1294 1295 XOR
1 1 203 1296 INV
1 1 1295 1297 INV
2 1 1296 1297 1298 AND
2 1 75 1298 1299 AND
2 1 1288 1299 1300 AND
2 1 1288 1299 1301 XOR
2 1 1300 1301 1302 XOR
1 1 75 1303 INV
1 1 1288 1304 INV
2 1 1303 1304 1305 AND
2 1 203 1305 1306 AND
2 1 1295 1306 1307 AND
2 1 1295 1306 1308 XOR
2 1 1307 1308 1309 XOR
1 1 204 1310 INV
1 1 1309 1311 INV
2 1 1310 1311 1312 AND
2 1 76 1312 1313 AND
2 1 1302 1313 1314 AND
2 1 1302 1313 1315 XOR
2 1 1314 1315 1316 XOR
1 1 76 1317 INV
1 1 1302 1318 INV
2 1 1317 1318 1319 AND
2 1 204 1319 1320 AND
2 1 1309 1320 1321 AND
2 1 1309 1320 1322 XOR
2 1 1321 1322 1323 XOR
1 1 205 1324 INV
1 1 1323 1325 INV
2 1 1324 1325 1326 AND
2 1 77 1326 1327 AND
2 1 1316 1327 1328 AND
2 1 1316 1327 1329 XOR
2 1 1328 1329 1330 XOR
1 1 77 1331 INV
1 1 1316 1332 INV
2 1 1331 1332 1333 AND
2 1 205 1333 1334 AND
2 1 1323 1334 1335 AND
2 1 1323 1334 1336 XOR
2 1 1335 1336 1337 XOR
1 1 206 1338 INV
1 1 1337 1339 INV
2 1 1338 1339 1340 AND
2 1 78 1340 1341 AND
2 1 1330 1341 1342 AND
2 1 1330 1341 1343 XOR
2 1 1342 1343 1344 XOR
1 1 78 1345 INV
1 1 1330 1346 INV
2 1 1345 1346 1347 AND
2 1 206 1347 1348 AND
2 1 1337 1348 1349 AND
2 1 1337 1348 1350 XOR
2 1 1349 1350 1351 XOR
1 1 207 1352 INV
1 1 1351 1353 INV
2 1 1352 1353 1354 AND
2 1 79 1354 1355 AND
2 1 1344 1355 1356 AND
2 1 1344 1355 1357 XOR
2 1 1356 1357 1358 XOR
1 1 79 1359 INV
1 1 1344 1360 INV
2 1 1359 1360 1361 AND
2 1 207 1361 1362 AND
2 1 1351 1362 1363 AND
2 1 1351 1362 1364 XOR
2 1 1363 1364 1365 XOR
1 1 208 1366 INV
1 1 1365 1367 INV
2 1 1366 1367 1368 AND
2 1 80 1368 1369 AND
2 1 1358 1369 1370 AND
2 1 1358 1369 1371 XOR
2 1 1370 1371 1372 XOR
1 1 80 1373 INV
1 1 1358 1374 INV
2 1 1373 1374 1375 AND
2 1 208 1375 1376 AND
2 1 1365 1376 1377 AND
2 1 1365 1376 1378 XOR
2 1 1377 1378 1379 XOR
1 1 209 1380 INV
1 1 1379 1381 INV
2 1 1380 1381 1382 AND
2 1 81 1382 1383 AND
2 1 1372 1383 1384 AND
2 1 1372 1383 1385 XOR
2 1 1384 1385 1386 XOR
1 1 81 1387 INV
1 1 1372 1388 INV
2 1 1387 1388 1389 AND
2 1 209 1389 1390 AND
2 1 1379 1390 1391 AND
2 1 1379 1390 1392 XOR
2 1 1391 1392 1393 XOR
1 1 210 1394 INV
1 1 1393 1395 INV
2 1 1394 1395 1396 AND
2 1 82 1396 1397 AND
2 1 1386 1397 1398 AND
2 1 1386 1397 1399 XOR
2 1 1398 1399 1400 XOR
1 1 82 1401 INV
1 1 1386 1402 INV
2 1 1401 1402 1403 AND
2 1 210 1403 1404 AND
2 1 1393 1404 1405 AND
2 1 1393 1404 1406 XOR
2 1 1405 1406 1407 XOR
1 1 211 1408 INV
1 1 1407 1409 INV
2 1 1408 1409 1410 AND
2 1 83 1410 1411 AND
2 1 1400 1411 1412 AND
2 1 1400 1411 1413 XOR
2 1 1412 1413 1414 XOR
1 1 83 1415 INV
1 1 1400 1416 INV
2 1 1415 1416 1417 AND
2 1 211 1417 1418 AND
2 1 1407 1418 1419 AND
2 1 1407 1418 1420 XOR
2 1 1419 1420 1421 XOR
1 1 212 1422 INV
1 1 1421 1423 INV
2 1 1422 1423 1424 AND
2 1 84 1424 1425 AND
2 1 1414 1425 1426 AND
2 1 1414 1425 1427 XOR
2 1 1426 1427 1428 XOR
1 1 84 1429 INV
1 1 1414 1430 INV
2 1 1429 1430 1431 AND
2 1 212 1431 1432 AND
2 1 1421 1432 1433 AND
2 1 1421 1432 1434 XOR
2 1 1433 1434 1435 XOR
1 1 213 1436 INV
1 1 1435 1437 INV
2 1 1436 1437 1438 AND
2 1 85 1438 1439 AND
2 1 1428 1439 1440 AND
2 1 1428 1439 1441 XOR
2 1 1440 1441 1442 XOR
1 1 85 1443 INV
1 1 1428 1444 INV
2 1 1443 1444 1445 AND
2 1 213 1445 1446 AND
2 1 1435 1446 1447 AND
2 1 1435 1446 1448 XOR
2 1 1447 1448 1449 XOR
1 1 214 1450 INV
1 1 1449 1451 INV
2 1 1450 1451 1452 AND
2 1 86 1452 1453 AND
2 1 1442 1453 1454 AND
2 1 1442 1453 1455 XOR
2 1 1454 1455 1456 XOR
1 1 86 1457 INV
1 1 1442 1458 INV
2 1 1457 1458 1459 AND
2 1 214 1459 1460 AND
2 1 1449 1460 1461 AND
2 1 1449 1460 1462 XOR
2 1 1461 1462 1463 XOR
1 1 215 1464 INV
1 1 1463 1465 INV
2 1 1464 1465 1466 AND
2 1 87 1466 1467 AND
2 1 1456 1467 1468 AND
2 1 1456 1467 1469 XOR
2 1 1468 1469 1470 XOR
1 1 87 1471 INV
1 1 1456 1472 INV
2 1 1471 1472 1473 AND
2 1 215 1473 1474 AND
2 1 1463 1474 1475 AND
2 1 1463 1474 1476 XOR
2 1 1475 1476 1477 XOR
1 1 216 1478 INV
1 1 1477 1479 INV
2 1 1478 1479 1480 AND
2 1 88 1480 1481 AND
2 1 1470 1481 1482 AND
2 1 1470 1481 1483 XOR
2 1 1482 1483 1484 XOR
1 1 88 1485 INV
1 1 1470 1486 INV
2 1 1485 1486 1487 AND
2 1 216 1487 1488 AND
2 1 1477 1488 1489 AND
2 1 1477 1488 1490 XOR
2 1 1489 1490 1491 XOR
1 1 217 1492 INV
1 1 1491 1493 INV
2 1 1492 1493 1494 AND
2 1 89 1494 1495 AND
2 1 1484 1495 1496 AND
2 1 1484 1495 1497 XOR
2 1 1496 1497 1498 XOR
1 1 89 1499 INV
1 1 1484 1500 INV
2 1 1499 1500 1501 AND
2 1 217 1501 1502 AND
2 1 1491 1502 1503 AND
2 1 1491 1502 1504 XOR
2 1 1503 1504 1505 XOR
1 1 218 1506 INV
1 1 1505 1507 INV
2 1 1506 1507 1508 AND
2 1 90 1508 1509 AND
2 1 1498 1509 1510 AND
2 1 1498 1509 1511 XOR
2 1 1510 1511 1512 XOR
1 1 90 1513 INV
1 1 1498 1514 INV
2 1 1513 1514 1515 AND
2 1 218 1515 1516 AND
2 1 1505 1516 1517 AND
2 1 1505 1516 1518 XOR
2 1 1517 1518 1519 XOR
1 1 219 1520 INV
1 1 1519 1521 INV
2 1 1520 1521 1522 AND
2 1 91 1522 1523 AND
2 1 1512 1523 1524 AND
2 1 1512 1523 1525 XOR
2 1 1524 1525 1526 XOR
1 1 91 1527 INV
1 1 1512 1528 INV
2 1 1527 1528 1529 AND
2 1 219 1529 1530 AND
2 1 1519 1530 1531 AND
2 1 1519 1530 1532 XOR
2 1 1531 1532 1533 XOR
1 1 220 1534 INV
1 1 1533 1535 INV
2 1 1534 1535 1536 AND
2 1 92 1536 1537 AND
2 1 1526 1537 1538 AND
2 1 1526 1537 1539 XOR
2 1 1538 1539 1540 XOR
1 1 92 1541 INV
1 1 1526 1542 INV
2 1 1541 1542 1543 AND
2 1 220 1543 1544 AND
2 1 1533 1544 1545 AND
2 1 1533 1544 1546 XOR
2 1 1545 1546 1547 XOR
1 1 221 1548 INV
1 1 1547 1549 INV
2 1 1548 1549 1550 AND
2 1 93 1550 1551 AND
2 1 1540 1551 1552 AND
2 1 1540 1551 1553 XOR
2 1 1552 1553 1554 XOR
1 1 93 1555 INV
1 1 1540 1556 INV
2 1 1555 1556 1557 AND
2 1 221 1557 1558 AND
2 1 1547 1558 1559 AND
2 1 1547 1558 1560 XOR
2 1 1559 1560 1561 XOR
1 1 222 1562 INV
1 1 1561 1563 INV
2 1 1562 1563 1564 AND
2 1 94 1564 1565 AND
2 1 1554 1565 1566 AND
2 1 1554 1565 1567 XOR
2 1 1566 1567 1568 XOR
1 1 94 1569 INV
1 1 1554 1570 INV
2 1 1569 1570 1571 AND
2 1 222 1571 1572 AND
2 1 1561 1572 1573 AND
2 1 1561 1572 1574 XOR
2 1 1573 1574 1575 XOR
1 1 223 1576 INV
1 1 1575 1577 INV
2 1 1576 1577 1578 AND
2 1 95 1578 1579 AND
2 1 1568 1579 1580 AND
2 1 1568 1579 1581 XOR
2 1 1580 1581 1582 XOR
1 1 95 1583 INV
1 1 1568 1584 INV
2 1 1583 1584 1585 AND
2 1 223 1585 1586 AND
2 1 1575 1586 1587 AND
2 1 1575 1586 1588 XOR
2 1 1587 1588 1589 XOR
1 1 224 1590 INV
1 1 1589 1591 INV
2 1 1590 1591 1592 AND
2 1 96 1592 1593 AND
2 1 1582 1593 1594 AND
2 1 1582 1593 1595 XOR
2 1 1594 1595 1596 XOR
1 1 96 1597 INV
1 1 1582 1598 INV
2 1 1597 1598 1599 AND
2 1 224 1599 1600 AND
2 1 1589 1600 1601 AND
2 1 1589 1600 1602 XOR
2 1 1601 1602 1603 XOR
1 1 225 1604 INV
1 1 1603 1605 INV
2 1 1604 1605 1606 AND
2 1 97 1606 1607 AND
2 1 1596 1607 1608 AND
2 1 1596 1607 1609 XOR
2 1 1608 1609 1610 XOR
1 1 97 1611 INV
1 1 1596 1612 INV
2 1 1611 1612 1613 AND
2 1 225 1613 1614 AND
2 1 1603 1614 1615 AND
2 1 1603 1614 1616 XOR
2 1 1615 1616 1617 XOR
1 1 226 1618 INV
1 1 1617 1619 INV
2 1 1618 1619 1620 AND
2 1 98 1620 1621 AND
2 1 1610 1621 1622 AND
2 1 1610 1621 1623 XOR
2 1 1622 1623 1624 XOR
1 1 98 1625 INV
1 1 1610 1626 INV
2 1 1625 1626 1627 AND
2 1 226 1627 1628 AND
2 1 1617 1628 1629 AND
2 1 1617 1628 1630 XOR
2 1 1629 1630 1631 XOR
1 1 227 1632 INV
1 1 1631 1633 INV
2 1 1632 1633 1634 AND
2 1 99 1634 1635 AND
2 1 1624 1635 1636 AND
2 1 1624 1635 1637 XOR
2 1 1636 1637 1638 XOR
1 1 99 1639 INV
1 1 1624 1640 INV
2 1 1639 1640 1641 AND
2 1 227 1641 1642 AND
2 1 1631 1642 1643 AND
2 1 1631 1642 1644 XOR
2 1 1643 1644 1645 XOR
1 1 228 1646 INV
1 1 1645 1647 INV
2 1 1646 1647 1648 AND
2 1 100 1648 1649 AND
2 1 1638 1649 1650 AND
2 1 1638 1649 1651 XOR
2 1 1650 1651 1652 XOR
1 1 100 1653 INV
1 1 1638 1654 INV
2 1 1653 1654 1655 AND
2 1 228 1655 1656 AND
2 1 1645 1656 1657 AND
2 1 1645 1656 1658 XOR
2 1 1657 1658 1659 XOR
1 1 229 1660 INV
1 1 1659 1661 INV
2 1 1660 1661 1662 AND
2 1 101 1662 1663 AND
2 1 1652 1663 1664 AND
2 1 1652 1663 1665 XOR
2 1 1664 1665 1666 XOR
1 1 101 1667 INV
1 1 1652 1668 INV
2 1 1667 1668 1669 AND
2 1 229 1669 1670 AND
2 1 1659 1670 1671 AND
2 1 1659 1670 1672 XOR
2 1 1671 1672 1673 XOR
1 1 230 1674 INV
1 1 1673 1675 INV
2 1 1674 1675 1676 AND
2 1 102 1676 1677 AND
2 1 1666 1677 1678 AND
2 1 1666 1677 1679 XOR
2 1 1678 1679 1680 XOR
1 1 102 1681 INV
1 1 1666 1682 INV
2 1 1681 1682 1683 AND
2 1 230 1683 1684 AND
2 1 1673 1684 1685 AND
2 1 1673 1684 1686 XOR
2 1 1685 1686 1687 XOR
1 1 231 1688 INV
1 1 1687 1689 INV
2 1 1688 1689 1690 AND
2 1 103 1690 1691 AND
2 1 1680 1691 1692 AND
2 1 1680 1691 1693 XOR
2 1 1692 1693 1694 XOR
1 1 103 1695 INV
1 1 1680 1696 INV
2 1 1695 1696 1697 AND
2 1 231 1697 1698 AND
2 1 1687 1698 1699 AND
2 1 1687 1698 1700 XOR
2 1 1699 1700 1701 XOR
1 1 232 1702 INV
1 1 1701 1703 INV
2 1 1702 1703 1704 AND
2 1 104 1704 1705 AND
2 1 1694 1705 1706 AND
2 1 1694 1705 1707 XOR
2 1 1706 1707 1708 XOR
1 1 104 1709 INV
1 1 1694 1710 INV
2 1 1709 1710 1711 AND
2 1 232 1711 1712 AND
2 1 1701 1712 1713 AND
2 1 1701 1712 1714 XOR
2 1 1713 1714 1715 XOR
1 1 233 1716 INV
1 1 1715 1717 INV
2 1 1716 1717 1718 AND
2 1 105 1718 1719 AND
2 1 1708 1719 1720 AND
2 1 1708 1719 1721 XOR
2 1 1720 1721 1722 XOR
1 1 105 1723 INV
1 1 1708 1724 INV
2 1 1723 1724 1725 AND
2 1 233 1725 1726 AND
2 1 1715 1726 1727 AND
2 1 1715 1726 1728 XOR
2 1 1727 1728 1729 XOR
1 1 234 1730 INV
1 1 1729 1731 INV
2 1 1730 1731 1732 AND
2 1 106 1732 1733 AND
2 1 1722 1733 1734 AND
2 1 1722 1733 1735 XOR
2 1 1734 1735 1736 XOR
1 1 106 1737 INV
1 1 1722 1738 INV
2 1 1737 1738 1739 AND
2 1 234 1739 1740 AND
2 1 1729 1740 1741 AND
2 1 1729 1740 1742 XOR
2 1 1741 1742 1743 XOR
1 1 235 1744 INV
1 1 1743 1745 INV
2 1 1744 1745 1746 AND
2 1 107 1746 1747 AND
2 1 1736 1747 1748 AND
2 1 1736 1747 1749 XOR
2 1 1748 1749 1750 XOR
1 1 107 1751 INV
1 1 1736 1752 INV
2 1 1751 1752 1753 AND
2 1 235 1753 1754 AND
2 1 1743 1754 1755 AND
2 1 1743 1754 1756 XOR
2 1 1755 1756 1757 XOR
1 1 236 1758 INV
1 1 1757 1759 INV
2 1 1758 1759 1760 AND
2 1 108 1760 1761 AND
2 1 1750 1761 1762 AND
2 1 1750 1761 1763 XOR
2 1 1762 1763 1764 XOR
1 1 108 1765 INV
1 1 1750 1766 INV
2 1 1765 1766 1767 AND
2 1 236 1767 1768 AND
2 1 1757 1768 1769 AND
2 1 1757 1768 1770 XOR
2 1 1769 1770 1771 XOR
1 1 237 1772 INV
1 1 1771 1773 INV
2 1 1772 1773 1774 AND
2 1 109 1774 1775 AND
2 1 1764 1775 1776 AND
2 1 1764 1775 1777 XOR
2 1 1776 1777 1778 XOR
1 1 109 1779 INV
1 1 1764 1780 INV
2 1 1779 1780 1781 AND
2 1 237 1781 1782 AND
2 1 1771 1782 1783 AND
2 1 1771 1782 1784 XOR
2 1 1783 1784 1785 XOR
1 1 238 1786 INV
1 1 1785 1787 INV
2 1 1786 1787 1788 AND
2 1 110 1788 1789 AND
2 1 1778 1789 1790 AND
2 1 1778 1789 1791 XOR
2 1 1790 1791 1792 XOR
1 1 110 1793 INV
1 1 1778 1794 INV
2 1 1793 1794 1795 AND
2 1 238 1795 1796 AND
2 1 1785 1796 1797 AND
2 1 1785 1796 1798 XOR
2 1 1797 1798 1799 XOR
1 1 239 1800 INV
1 1 1799 1801 INV
2 1 1800 1801 1802 AND
2 1 111 1802 1803 AND
2 1 1792 1803 1804 AND
2 1 1792 1803 1805 XOR
2 1 1804 1805 1806 XOR
1 1 111 1807 INV
1 1 1792 1808 INV
2 1 1807 1808 1809 AND
2 1 239 1809 1810 AND
2 1 1799 1810 1811 AND
2 1 1799 1810 1812 XOR
2 1 1811 1812 1813 XOR
1 1 240 1814 INV
1 1 1813 1815 INV
2 1 1814 1815 1816 AND
2 1 112 1816 1817 AND
2 1 1806 1817 1818 AND
2 1 1806 1817 1819 XOR
2 1 1818 1819 1820 XOR
1 1 112 1821 INV
1 1 1806 1822 INV
2 1 1821 1822 1823 AND
2 1 240 1823 1824 AND
2 1 1813 1824 1825 AND
2 1 1813 1824 1826 XOR
2 1 1825 1826 1827 XOR
1 1 241 1828 INV
1 1 1827 1829 INV
2 1 1828 1829 1830 AND
2 1 113 1830 1831 AND
2 1 1820 1831 1832 AND
2 1 1820 1831 1833 XOR
2 1 1832 1833 1834 XOR
1 1 113 1835 INV
1 1 1820 1836 INV
2 1 1835 1836 1837 AND
2 1 241 1837 1838 AND
2 1 1827 1838 1839 AND
2 1 1827 1838 1840 XOR
2 1 1839 1840 1841 XOR
1 1 242 1842 INV
1 1 1841 1843 INV
2 1 1842 1843 1844 AND
2 1 114 1844 1845 AND
2 1 1834 1845 1846 AND
2 1 1834 1845 1847 XOR
2 1 1846 1847 1848 XOR
1 1 114 1849 INV
1 1 1834 1850 INV
2 1 1849 1850 1851 AND
2 1 242 1851 1852 AND
2 1 1841 1852 1853 AND
2 1 1841 1852 1854 XOR
2 1 1853 1854 1855 XOR
1 1 243 1856 INV
1 1 1855 1857 INV
2 1 1856 1857 1858 AND
2 1 115 1858 1859 AND
2 1 1848 1859 1860 AND
2 1 1848 1859 1861 XOR
2 1 1860 1861 1862 XOR
1 1 115 1863 INV
1 1 1848 1864 INV
2 1 1863 1864 1865 AND
2 1 243 1865 1866 AND
2 1 1855 1866 1867 AND
2 1 1855 1866 1868 XOR
2 1 1867 1868 1869 XOR
1 1 244 1870 INV
1 1 1869 1871 INV
2 1 1870 1871 1872 AND
2 1 116 1872 1873 AND
2 1 1862 1873 1874 AND
2 1 1862 1873 1875 XOR
2 1 1874 1875 1876 XOR
1 1 116 1877 INV
1 1 1862 1878 INV
2 1 1877 1878 1879 AND
2 1 244 1879 1880 AND
2 1 1869 1880 1881 AND
2 1 1869 1880 1882 XOR
2 1 1881 1882 1883 XOR
1 1 245 1884 INV
1 1 1883 1885 INV
2 1 1884 1885 1886 AND
2 1 117 1886 1887 AND
2 1 1876 1887 1888 AND
2 1 1876 1887 1889 XOR
2 1 1888 1889 1890 XOR
1 1 117 1891 INV
1 1 1876 1892 INV
2 1 1891 1892 1893 AND
2 1 245 1893 1894 AND
2 1 1883 1894 1895 AND
2 1 1883 1894 1896 XOR
2 1 1895 1896 1897 XOR
1 1 246 1898 INV
1 1 1897 1899 INV
2 1 1898 1899 1900 AND
2 1 118 1900 1901 AND
2 1 1890 1901 1902 AND
2 1 1890 1901 1903 XOR
2 1 1902 1903 1904 XOR
1 1 118 1905 INV
1 1 1890 1906 INV
2 1 1905 1906 1907 AND
2 1 246 1907 1908 AND
2 1 1897 1908 1909 AND
2 1 1897 1908 1910 XOR
2 1 1909 1910 1911 XOR
1 1 247 1912 INV
1 1 1911 1913 INV
2 1 1912 1913 1914 AND
2 1 119 1914 1915 AND
2 1 1904 1915 1916 AND
2 1 1904 1915 1917 XOR
2 1 1916 1917 1918 XOR
1 1 119 1919 INV
1 1 1904 1920 INV
2 1 1919 1920 1921 AND
2 1 247 1921 1922 AND
2 1 1911 1922 1923 AND
2 1 1911 1922 1924 XOR
2 1 1923 1924 1925 XOR
1 1 248 1926 INV
1 1 1925 1927 INV
2 1 1926 1927 1928 AND
2 1 120 1928 1929 AND
2 1 1918 1929 1930 AND
2 1 1918 1929 1931 XOR
2 1 1930 1931 1932 XOR
1 1 120 1933 INV
1 1 1918 1934 INV
2 1 1933 1934 1935 AND
2 1 248 1935 1936 AND
2 1 1925 1936 1937 AND
2 1 1925 1936 1938 XOR
2 1 1937 1938 1939 XOR
1 1 249 1940 INV
1 1 1939 1941 INV
2 1 1940 1941 1942 AND
2 1 121 1942 1943 AND
2 1 1932 1943 1944 AND
2 1 1932 1943 1945 XOR
2 1 1944 1945 1946 XOR
1 1 121 1947 INV
1 1 1932 1948 INV
2 1 1947 1948 1949 AND
2 1 249 1949 1950 AND
2 1 1939 1950 1951 AND
2 1 1939 1950 1952 XOR
2 1 1951 1952 1953 XOR
1 1 250 1954 INV
1 1 1953 1955 INV
2 1 1954 1955 1956 AND
2 1 122 1956 1957 AND
2 1 1946 1957 1958 AND
2 1 1946 1957 1959 XOR
2 1 1958 1959 1960 XOR
1 1 122 1961 INV
1 1 1946 1962 INV
2 1 1961 1962 1963 AND
2 1 250 1963 1964 AND
2 1 1953 1964 1965 AND
2 1 1953 1964 1966 XOR
2 1 1965 1966 1967 XOR
1 1 251 1968 INV
1 1 1967 1969 INV
2 1 1968 1969 1970 AND
2 1 123 1970 1971 AND
2 1 1960 1971 1972 AND
2 1 1960 1971 1973 XOR
2 1 1972 1973 1974 XOR
1 1 123 1975 INV
1 1 1960 1976 INV
2 1 1975 1976 1977 AND
2 1 251 1977 1978 AND
2 1 1967 1978 1979 AND
2 1 1967 1978 1980 XOR
2 1 1979 1980 1981 XOR
1 1 252 1982 INV
1 1 1981 1983 INV
2 1 1982 1983 1984 AND
2 1 124 1984 1985 AND
2 1 1974 1985 1986 AND
2 1 1974 1985 1987 XOR
2 1 1986 1987 1988 XOR
1 1 124 1989 INV
1 1 1974 1990 INV
2 1 1989 1990 1991 AND
2 1 252 1991 1992 AND
2 1 1981 1992 1993 AND
2 1 1981 1992 1994 XOR
2 1 1993 1994 1995 XOR
1 1 253 1996 INV
1 1 1995 1997 INV
2 1 1996 1997 1998 AND
2 1 125 1998 1999 AND
2 1 1988 1999 2000 AND
2 1 1988 1999 2001 XOR
2 1 2000 2001 2002 XOR
1 1 125 2003 INV
1 1 1988 2004 INV
2 1 2003 2004 2005 AND
2 1 253 2005 2006 AND
2 1 1995 2006 2007 AND
2 1 1995 2006 2008 XOR
2 1 2007 2008 2009 XOR
1 1 254 2010 INV
1 1 2009 2011 INV
2 1 2010 2011 2012 AND
2 1 126 2012 2013 AND
2 1 2002 2013 2014 AND
2 1 2002 2013 2015 XOR
2 1 2014 2015 2016 XOR
1 1 126 2017 INV
1 1 2002 2018 INV
2 1 2017 2018 2019 AND
2 1 254 2019 2020 AND
2 1 2009 2020 2021 AND
2 1 2009 2020 2022 XOR
2 1 2021 2022 2023 XOR
1 1 255 2024 INV
1 1 2023 2025 INV
2 1 2024 2025 2026 AND
2 1 127 2026 2027 AND
2 1 2016 2027 2028 AND
2 1 2016 2027 2029 XOR
2 1 2028 2029 2030 XOR
1 1 127 2031 INV
1 1 2016 2032 INV
2 1 2031 2032 2033 AND
2 1 255 2033 2034 AND
2 1 2023 2034 2035 AND
2 1 2023 2034 2036 XOR
2 1 2035 2036 2037 XOR
1 1 2030 2038 EQW
