383 439
2 28 28
1 1

1 1 28 56 INV
2 1 0 56 57 AND
1 1 0 58 INV
2 1 28 58 59 AND
1 1 29 60 INV
1 1 59 61 INV
2 1 60 61 62 AND
2 1 1 62 63 AND
2 1 57 63 64 AND
2 1 57 63 65 XOR
2 1 64 65 66 XOR
1 1 1 67 INV
1 1 57 68 INV
2 1 67 68 69 AND
2 1 29 69 70 AND
2 1 59 70 71 AND
2 1 59 70 72 XOR
2 1 71 72 73 XOR
1 1 30 74 INV
1 1 73 75 INV
2 1 74 75 76 AND
2 1 2 76 77 AND
2 1 66 77 78 AND
2 1 66 77 79 XOR
2 1 78 79 80 XOR
1 1 2 81 INV
1 1 66 82 INV
2 1 81 82 83 AND
2 1 30 83 84 AND
2 1 73 84 85 AND
2 1 73 84 86 XOR
2 1 85 86 87 XOR
1 1 31 88 INV
1 1 87 89 INV
2 1 88 89 90 AND
2 1 3 90 91 AND
2 1 80 91 92 AND
2 1 80 91 93 XOR
2 1 92 93 94 XOR
1 1 3 95 INV
1 1 80 96 INV
2 1 95 96 97 AND
2 1 31 97 98 AND
2 1 87 98 99 AND
2 1 87 98 100 XOR
2 1 99 100 101 XOR
1 1 32 102 INV
1 1 101 103 INV
2 1 102 103 104 AND
2 1 4 104 105 AND
2 1 94 105 106 AND
2 1 94 105 107 XOR
2 1 106 107 108 XOR
1 1 4 109 INV
1 1 94 110 INV
2 1 109 110 111 AND
2 1 32 111 112 AND
2 1 101 112 113 AND
2 1 101 112 114 XOR
2 1 113 114 115 XOR
1 1 33 116 INV
1 1 115 117 INV
2 1 116 117 118 AND
2 1 5 118 119 AND
2 1 108 119 120 AND
2 1 108 119 121 XOR
2 1 120 121 122 XOR
1 1 5 123 INV
1 1 108 124 INV
2 1 123 124 125 AND
2 1 33 125 126 AND
2 1 115 126 127 AND
2 1 115 126 128 XOR
2 1 127 128 129 XOR
1 1 34 130 INV
1 1 129 131 INV
2 1 130 131 132 AND
2 1 6 132 133 AND
2 1 122 133 134 AND
2 1 122 133 135 XOR
2 1 134 135 136 XOR
1 1 6 137 INV
1 1 122 138 INV
2 1 137 138 139 AND
2 1 34 139 140 AND
2 1 129 140 141 AND
2 1 129 140 142 XOR
2 1 141 142 143 XOR
1 1 35 144 INV
1 1 143 145 INV
2 1 144 145 146 AND
2 1 7 146 147 AND
2 1 136 147 148 AND
2 1 136 147 149 XOR
2 1 148 149 150 XOR
1 1 7 151 INV
1 1 136 152 INV
2 1 151 152 153 AND
2 1 35 153 154 AND
2 1 143 154 155 AND
2 1 143 154 156 XOR
2 1 155 156 157 XOR
1 1 36 158 INV
1 1 157 159 INV
2 1 158 159 160 AND
2 1 8 160 161 AND
2 1 150 161 162 AND
2 1 150 161 163 XOR
2 1 162 163 164 XOR
1 1 8 165 INV
1 1 150 166 INV
2 1 165 166 167 AND
2 1 36 167 168 AND
2 1 157 168 169 AND
2 1 157 168 170 XOR
2 1 169 170 171 XOR
1 1 37 172 INV
1 1 171 173 INV
2 1 172 173 174 AND
2 1 9 174 175 AND
2 1 164 175 176 AND
2 1 164 175 177 XOR
2 1 176 177 178 XOR
1 1 9 179 INV
1 1 164 180 INV
2 1 179 180 181 AND
2 1 37 181 182 AND
2 1 171 182 183 AND
2 1 171 182 184 XOR
2 1 183 184 185 XOR
1 1 38 186 INV
1 1 185 187 INV
2 1 186 187 188 AND
2 1 10 188 189 AND
2 1 178 189 190 AND
2 1 178 189 191 XOR
2 1 190 191 192 XOR
1 1 10 193 INV
1 1 178 194 INV
2 1 193 194 195 AND
2 1 38 195 196 AND
2 1 185 196 197 AND
2 1 185 196 198 XOR
2 1 197 198 199 XOR
1 1 39 200 INV
1 1 199 201 INV
2 1 200 201 202 AND
2 1 11 202 203 AND
2 1 192 203 204 AND
2 1 192 203 205 XOR
2 1 204 205 206 XOR
1 1 11 207 INV
1 1 192 208 INV
2 1 207 208 209 AND
2 1 39 209 210 AND
2 1 199 210 211 AND
2 1 199 210 212 XOR
2 1 211 212 213 XOR
1 1 40 214 INV
1 1 213 215 INV
2 1 214 215 216 AND
2 1 12 216 217 AND
2 1 206 217 218 AND
2 1 206 217 219 XOR
2 1 218 219 220 XOR
1 1 12 221 INV
1 1 206 222 INV
2 1 221 222 223 AND
2 1 40 223 224 AND
2 1 213 224 225 AND
2 1 213 224 226 XOR
2 1 225 226 227 XOR
1 1 41 228 INV
1 1 227 229 INV
2 1 228 229 230 AND
2 1 13 230 231 AND
2 1 220 231 232 AND
2 1 220 231 233 XOR
2 1 232 233 234 XOR
1 1 13 235 INV
1 1 220 236 INV
2 1 235 236 237 AND
2 1 41 237 238 AND
2 1 227 238 239 AND
2 1 227 238 240 XOR
2 1 239 240 241 XOR
1 1 42 242 INV
1 1 241 243 INV
2 1 242 243 244 AND
2 1 14 244 245 AND
2 1 234 245 246 AND
2 1 234 245 247 XOR
2 1 246 247 248 XOR
1 1 14 249 INV
1 1 234 250 INV
2 1 249 250 251 AND
2 1 42 251 252 AND
2 1 241 252 253 AND
2 1 241 252 254 XOR
2 1 253 254 255 XOR
1 1 43 256 INV
1 1 255 257 INV
2 1 256 257 258 AND
2 1 15 258 259 AND
2 1 248 259 260 AND
2 1 248 259 261 XOR
2 1 260 261 262 XOR
1 1 15 263 INV
1 1 248 264 INV
2 1 263 264 265 AND
2 1 43 265 266 AND
2 1 255 266 267 AND
2 1 255 266 268 XOR
2 1 267 268 269 XOR
1 1 44 270 INV
1 1 269 271 INV
2 1 270 271 272 AND
2 1 16 272 273 AND
2 1 262 273 274 AND
2 1 262 273 275 XOR
2 1 274 275 276 XOR
1 1 16 277 INV
1 1 262 278 INV
2 1 277 278 279 AND
2 1 44 279 280 AND
2 1 269 280 281 AND
2 1 269 280 282 XOR
2 1 281 282 283 XOR
1 1 45 284 INV
1 1 283 285 INV
2 1 284 285 286 AND
2 1 17 286 287 AND
2 1 276 287 288 AND
2 1 276 287 289 XOR
2 1 288 289 290 XOR
1 1 17 291 INV
1 1 276 292 INV
2 1 291 292 293 AND
2 1 45 293 294 AND
2 1 283 294 295 AND
2 1 283 294 296 XOR
2 1 295 296 297 XOR
1 1 46 298 INV
1 1 297 299 INV
2 1 298 299 300 AND
2 1 18 300 301 AND
2 1 290 301 302 AND
2 1 290 301 303 XOR
2 1 302 303 304 XOR
1 1 18 305 INV
1 1 290 306 INV
2 1 305 306 307 AND
2 1 46 307 308 AND
2 1 297 308 309 AND
2 1 297 308 310 XOR
2 1 309 310 311 XOR
1 1 47 312 INV
1 1 311 313 INV
2 1 312 313 314 AND
2 1 19 314 315 AND
2 1 304 315 316 AND
2 1 304 315 317 XOR
2 1 316 317 318 XOR
1 1 19 319 INV
1 1 304 320 INV
2 1 319 320 321 AND
2 1 47 321 322 AND
2 1 311 322 323 AND
2 1 311 322 324 XOR
2 1 323 324 325 XOR
1 1 48 326 INV
1 1 325 327 INV
2 1 326 327 328 AND
2 1 20 328 329 AND
2 1 318 329 330 AND
2 1 318 329 331 XOR
2 1 330 331 332 XOR
1 1 20 333 INV
1 1 318 334 INV
2 1 333 334 335 AND
2 1 48 335 336 AND
2 1 325 336 337 AND
2 1 325 336 338 XOR
2 1 337 338 339 XOR
1 1 49 340 INV
1 1 339 341 INV
2 1 340 341 342 AND
2 1 21 342 343 AND
2 1 332 343 344 AND
2 1 332 343 345 XOR
2 1 344 345 346 XOR
1 1 21 347 INV
1 1 332 348 INV
2 1 347 348 349 AND
2 1 49 349 350 AND
2 1 339 350 351 AND
2 1 339 350 352 XOR
2 1 351 352 353 XOR
1 1 50 354 INV
1 1 353 355 INV
2 1 354 355 356 AND
2 1 22 356 357 AND
2 1 346 357 358 AND
2 1 346 357 359 XOR
2 1 358 359 360 XOR
1 1 22 361 INV
1 1 346 362 INV
2 1 361 362 363 AND
2 1 50 363 364 AND
2 1 353 364 365 AND
2 1 353 364 366 XOR
2 1 365 366 367 XOR
1 1 51 368 INV
1 1 367 369 INV
2 1 368 369 370 AND
2 1 23 370 371 AND
2 1 360 371 372 AND
2 1 360 371 373 XOR
2 1 372 373 374 XOR
1 1 23 375 INV
1 1 360 376 INV
2 1 375 376 377 AND
2 1 51 377 378 AND
2 1 367 378 379 AND
2 1 367 378 380 XOR
2 1 379 380 381 XOR
1 1 52 382 INV
1 1 381 383 INV
2 1 382 383 384 AND
2 1 24 384 385 AND
2 1 374 385 386 AND
2 1 374 385 387 XOR
2 1 386 387 388 XOR
1 1 24 389 INV
1 1 374 390 INV
2 1 389 390 391 AND
2 1 52 391 392 AND
2 1 381 392 393 AND
2 1 381 392 394 XOR
2 1 393 394 395 XOR
1 1 53 396 INV
1 1 395 397 INV
2 1 396 397 398 AND
2 1 25 398 399 AND
2 1 388 399 400 AND
2 1 388 399 401 XOR
2 1 400 401 402 XOR
1 1 25 403 INV
1 1 388 404 INV
2 1 403 404 405 AND
2 1 53 405 406 AND
2 1 395 406 407 AND
2 1 395 406 408 XOR
2 1 407 408 409 XOR
1 1 54 410 INV
1 1 409 411 INV
2 1 410 411 412 AND
2 1 26 412 413 AND
2 1 402 413 414 AND
2 1 402 413 415 XOR
2 1 414 415 416 XOR
1 1 26 417 INV
1 1 402 418 INV
2 1 417 418 419 AND
2 1 54 419 420 AND
2 1 409 420 421 AND
2 1 409 420 422 XOR
2 1 421 422 423 XOR
1 1 55 424 INV
1 1 423 425 INV
2 1 424 425 426 AND
2 1 27 426 427 AND
2 1 416 427 428 AND
2 1 416 427 429 XOR
2 1 428 429 430 XOR
1 1 27 431 INV
1 1 416 432 INV
2 1 431 432 433 AND
2 1 55 433 434 AND
2 1 423 434 435 AND
2 1 423 434 436 XOR
2 1 435 436 437 XOR
1 1 430 438 EQW
