75 87
2 6 6
1 1

1 1 6 12 INV
2 1 0 12 13 AND
1 1 0 14 INV
2 1 6 14 15 AND
1 1 7 16 INV
1 1 15 17 INV
2 1 16 17 18 AND
2 1 1 18 19 AND
2 1 13 19 20 AND
2 1 13 19 21 XOR
2 1 20 21 22 XOR
1 1 1 23 INV
1 1 13 24 INV
2 1 23 24 25 AND
2 1 7 25 26 AND
2 1 15 26 27 AND
2 1 15 26 28 XOR
2 1 27 28 29 XOR
1 1 8 30 INV
1 1 29 31 INV
2 1 30 31 32 AND
2 1 2 32 33 AND
2 1 22 33 34 AND
2 1 22 33 35 XOR
2 1 34 35 36 XOR
1 1 2 37 INV
1 1 22 38 INV
2 1 37 38 39 AND
2 1 8 39 40 AND
2 1 29 40 41 AND
2 1 29 40 42 XOR
2 1 41 42 43 XOR
1 1 9 44 INV
1 1 43 45 INV
2 1 44 45 46 AND
2 1 3 46 47 AND
2 1 36 47 48 AND
2 1 36 47 49 XOR
2 1 48 49 50 XOR
1 1 3 51 INV
1 1 36 52 INV
2 1 51 52 53 AND
2 1 9 53 54 AND
2 1 43 54 55 AND
2 1 43 54 56 XOR
2 1 55 56 57 XOR
1 1 10 58 INV
1 1 57 59 INV
2 1 58 59 60 AND
2 1 4 60 61 AND
2 1 50 61 62 AND
2 1 50 61 63 XOR
2 1 62 63 64 XOR
1 1 4 65 INV
1 1 50 66 INV
2 1 65 66 67 AND
2 1 10 67 68 AND
2 1 57 68 69 AND
2 1 57 68 70 XOR
2 1 69 70 71 XOR
1 1 11 72 INV
1 1 71 73 INV
2 1 72 73 74 AND
2 1 5 74 75 AND
2 1 64 75 76 AND
2 1 64 75 77 XOR
2 1 76 77 78 XOR
1 1 5 79 INV
1 1 64 80 INV
2 1 79 80 81 AND
2 1 11 81 82 AND
2 1 71 82 83 AND
2 1 71 82 84 XOR
2 1 83 84 85 XOR
1 1 78 86 EQW
