89 103
2 7 7
1 1

1 1 7 14 INV
2 1 0 14 15 AND
1 1 0 16 INV
2 1 7 16 17 AND
1 1 8 18 INV
1 1 17 19 INV
2 1 18 19 20 AND
2 1 1 20 21 AND
2 1 15 21 22 AND
2 1 15 21 23 XOR
2 1 22 23 24 XOR
1 1 1 25 INV
1 1 15 26 INV
2 1 25 26 27 AND
2 1 8 27 28 AND
2 1 17 28 29 AND
2 1 17 28 30 XOR
2 1 29 30 31 XOR
1 1 9 32 INV
1 1 31 33 INV
2 1 32 33 34 AND
2 1 2 34 35 AND
2 1 24 35 36 AND
2 1 24 35 37 XOR
2 1 36 37 38 XOR
1 1 2 39 INV
1 1 24 40 INV
2 1 39 40 41 AND
2 1 9 41 42 AND
2 1 31 42 43 AND
2 1 31 42 44 XOR
2 1 43 44 45 XOR
1 1 10 46 INV
1 1 45 47 INV
2 1 46 47 48 AND
2 1 3 48 49 AND
2 1 38 49 50 AND
2 1 38 49 51 XOR
2 1 50 51 52 XOR
1 1 3 53 INV
1 1 38 54 INV
2 1 53 54 55 AND
2 1 10 55 56 AND
2 1 45 56 57 AND
2 1 45 56 58 XOR
2 1 57 58 59 XOR
1 1 11 60 INV
1 1 59 61 INV
2 1 60 61 62 AND
2 1 4 62 63 AND
2 1 52 63 64 AND
2 1 52 63 65 XOR
2 1 64 65 66 XOR
1 1 4 67 INV
1 1 52 68 INV
2 1 67 68 69 AND
2 1 11 69 70 AND
2 1 59 70 71 AND
2 1 59 70 72 XOR
2 1 71 72 73 XOR
1 1 12 74 INV
1 1 73 75 INV
2 1 74 75 76 AND
2 1 5 76 77 AND
2 1 66 77 78 AND
2 1 66 77 79 XOR
2 1 78 79 80 XOR
1 1 5 81 INV
1 1 66 82 INV
2 1 81 82 83 AND
2 1 12 83 84 AND
2 1 73 84 85 AND
2 1 73 84 86 XOR
2 1 85 86 87 XOR
1 1 13 88 INV
1 1 87 89 INV
2 1 88 89 90 AND
2 1 6 90 91 AND
2 1 80 91 92 AND
2 1 80 91 93 XOR
2 1 92 93 94 XOR
1 1 6 95 INV
1 1 80 96 INV
2 1 95 96 97 AND
2 1 13 97 98 AND
2 1 87 98 99 AND
2 1 87 98 100 XOR
2 1 99 100 101 XOR
1 1 94 102 EQW
