285 327
2 21 21
1 1

1 1 21 42 INV
2 1 0 42 43 AND
1 1 0 44 INV
2 1 21 44 45 AND
1 1 22 46 INV
1 1 45 47 INV
2 1 46 47 48 AND
2 1 1 48 49 AND
2 1 43 49 50 AND
2 1 43 49 51 XOR
2 1 50 51 52 XOR
1 1 1 53 INV
1 1 43 54 INV
2 1 53 54 55 AND
2 1 22 55 56 AND
2 1 45 56 57 AND
2 1 45 56 58 XOR
2 1 57 58 59 XOR
1 1 23 60 INV
1 1 59 61 INV
2 1 60 61 62 AND
2 1 2 62 63 AND
2 1 52 63 64 AND
2 1 52 63 65 XOR
2 1 64 65 66 XOR
1 1 2 67 INV
1 1 52 68 INV
2 1 67 68 69 AND
2 1 23 69 70 AND
2 1 59 70 71 AND
2 1 59 70 72 XOR
2 1 71 72 73 XOR
1 1 24 74 INV
1 1 73 75 INV
2 1 74 75 76 AND
2 1 3 76 77 AND
2 1 66 77 78 AND
2 1 66 77 79 XOR
2 1 78 79 80 XOR
1 1 3 81 INV
1 1 66 82 INV
2 1 81 82 83 AND
2 1 24 83 84 AND
2 1 73 84 85 AND
2 1 73 84 86 XOR
2 1 85 86 87 XOR
1 1 25 88 INV
1 1 87 89 INV
2 1 88 89 90 AND
2 1 4 90 91 AND
2 1 80 91 92 AND
2 1 80 91 93 XOR
2 1 92 93 94 XOR
1 1 4 95 INV
1 1 80 96 INV
2 1 95 96 97 AND
2 1 25 97 98 AND
2 1 87 98 99 AND
2 1 87 98 100 XOR
2 1 99 100 101 XOR
1 1 26 102 INV
1 1 101 103 INV
2 1 102 103 104 AND
2 1 5 104 105 AND
2 1 94 105 106 AND
2 1 94 105 107 XOR
2 1 106 107 108 XOR
1 1 5 109 INV
1 1 94 110 INV
2 1 109 110 111 AND
2 1 26 111 112 AND
2 1 101 112 113 AND
2 1 101 112 114 XOR
2 1 113 114 115 XOR
1 1 27 116 INV
1 1 115 117 INV
2 1 116 117 118 AND
2 1 6 118 119 AND
2 1 108 119 120 AND
2 1 108 119 121 XOR
2 1 120 121 122 XOR
1 1 6 123 INV
1 1 108 124 INV
2 1 123 124 125 AND
2 1 27 125 126 AND
2 1 115 126 127 AND
2 1 115 126 128 XOR
2 1 127 128 129 XOR
1 1 28 130 INV
1 1 129 131 INV
2 1 130 131 132 AND
2 1 7 132 133 AND
2 1 122 133 134 AND
2 1 122 133 135 XOR
2 1 134 135 136 XOR
1 1 7 137 INV
1 1 122 138 INV
2 1 137 138 139 AND
2 1 28 139 140 AND
2 1 129 140 141 AND
2 1 129 140 142 XOR
2 1 141 142 143 XOR
1 1 29 144 INV
1 1 143 145 INV
2 1 144 145 146 AND
2 1 8 146 147 AND
2 1 136 147 148 AND
2 1 136 147 149 XOR
2 1 148 149 150 XOR
1 1 8 151 INV
1 1 136 152 INV
2 1 151 152 153 AND
2 1 29 153 154 AND
2 1 143 154 155 AND
2 1 143 154 156 XOR
2 1 155 156 157 XOR
1 1 30 158 INV
1 1 157 159 INV
2 1 158 159 160 AND
2 1 9 160 161 AND
2 1 150 161 162 AND
2 1 150 161 163 XOR
2 1 162 163 164 XOR
1 1 9 165 INV
1 1 150 166 INV
2 1 165 166 167 AND
2 1 30 167 168 AND
2 1 157 168 169 AND
2 1 157 168 170 XOR
2 1 169 170 171 XOR
1 1 31 172 INV
1 1 171 173 INV
2 1 172 173 174 AND
2 1 10 174 175 AND
2 1 164 175 176 AND
2 1 164 175 177 XOR
2 1 176 177 178 XOR
1 1 10 179 INV
1 1 164 180 INV
2 1 179 180 181 AND
2 1 31 181 182 AND
2 1 171 182 183 AND
2 1 171 182 184 XOR
2 1 183 184 185 XOR
1 1 32 186 INV
1 1 185 187 INV
2 1 186 187 188 AND
2 1 11 188 189 AND
2 1 178 189 190 AND
2 1 178 189 191 XOR
2 1 190 191 192 XOR
1 1 11 193 INV
1 1 178 194 INV
2 1 193 194 195 AND
2 1 32 195 196 AND
2 1 185 196 197 AND
2 1 185 196 198 XOR
2 1 197 198 199 XOR
1 1 33 200 INV
1 1 199 201 INV
2 1 200 201 202 AND
2 1 12 202 203 AND
2 1 192 203 204 AND
2 1 192 203 205 XOR
2 1 204 205 206 XOR
1 1 12 207 INV
1 1 192 208 INV
2 1 207 208 209 AND
2 1 33 209 210 AND
2 1 199 210 211 AND
2 1 199 210 212 XOR
2 1 211 212 213 XOR
1 1 34 214 INV
1 1 213 215 INV
2 1 214 215 216 AND
2 1 13 216 217 AND
2 1 206 217 218 AND
2 1 206 217 219 XOR
2 1 218 219 220 XOR
1 1 13 221 INV
1 1 206 222 INV
2 1 221 222 223 AND
2 1 34 223 224 AND
2 1 213 224 225 AND
2 1 213 224 226 XOR
2 1 225 226 227 XOR
1 1 35 228 INV
1 1 227 229 INV
2 1 228 229 230 AND
2 1 14 230 231 AND
2 1 220 231 232 AND
2 1 220 231 233 XOR
2 1 232 233 234 XOR
1 1 14 235 INV
1 1 220 236 INV
2 1 235 236 237 AND
2 1 35 237 238 AND
2 1 227 238 239 AND
2 1 227 238 240 XOR
2 1 239 240 241 XOR
1 1 36 242 INV
1 1 241 243 INV
2 1 242 243 244 AND
2 1 15 244 245 AND
2 1 234 245 246 AND
2 1 234 245 247 XOR
2 1 246 247 248 XOR
1 1 15 249 INV
1 1 234 250 INV
2 1 249 250 251 AND
2 1 36 251 252 AND
2 1 241 252 253 AND
2 1 241 252 254 XOR
2 1 253 254 255 XOR
1 1 37 256 INV
1 1 255 257 INV
2 1 256 257 258 AND
2 1 16 258 259 AND
2 1 248 259 260 AND
2 1 248 259 261 XOR
2 1 260 261 262 XOR
1 1 16 263 INV
1 1 248 264 INV
2 1 263 264 265 AND
2 1 37 265 266 AND
2 1 255 266 267 AND
2 1 255 266 268 XOR
2 1 267 268 269 XOR
1 1 38 270 INV
1 1 269 271 INV
2 1 270 271 272 AND
2 1 17 272 273 AND
2 1 262 273 274 AND
2 1 262 273 275 XOR
2 1 274 275 276 XOR
1 1 17 277 INV
1 1 262 278 INV
2 1 277 278 279 AND
2 1 38 279 280 AND
2 1 269 280 281 AND
2 1 269 280 282 XOR
2 1 281 282 283 XOR
1 1 39 284 INV
1 1 283 285 INV
2 1 284 285 286 AND
2 1 18 286 287 AND
2 1 276 287 288 AND
2 1 276 287 289 XOR
2 1 288 289 290 XOR
1 1 18 291 INV
1 1 276 292 INV
2 1 291 292 293 AND
2 1 39 293 294 AND
2 1 283 294 295 AND
2 1 283 294 296 XOR
2 1 295 296 297 XOR
1 1 40 298 INV
1 1 297 299 INV
2 1 298 299 300 AND
2 1 19 300 301 AND
2 1 290 301 302 AND
2 1 290 301 303 XOR
2 1 302 303 304 XOR
1 1 19 305 INV
1 1 290 306 INV
2 1 305 306 307 AND
2 1 40 307 308 AND
2 1 297 308 309 AND
2 1 297 308 310 XOR
2 1 309 310 311 XOR
1 1 41 312 INV
1 1 311 313 INV
2 1 312 313 314 AND
2 1 20 314 315 AND
2 1 304 315 316 AND
2 1 304 315 317 XOR
2 1 316 317 318 XOR
1 1 20 319 INV
1 1 304 320 INV
2 1 319 320 321 AND
2 1 41 321 322 AND
2 1 311 322 323 AND
2 1 311 322 324 XOR
2 1 323 324 325 XOR
1 1 318 326 EQW
