411 471
2 30 30
1 1

1 1 30 60 INV
2 1 0 60 61 AND
1 1 0 62 INV
2 1 30 62 63 AND
1 1 31 64 INV
1 1 63 65 INV
2 1 64 65 66 AND
2 1 1 66 67 AND
2 1 61 67 68 AND
2 1 61 67 69 XOR
2 1 68 69 70 XOR
1 1 1 71 INV
1 1 61 72 INV
2 1 71 72 73 AND
2 1 31 73 74 AND
2 1 63 74 75 AND
2 1 63 74 76 XOR
2 1 75 76 77 XOR
1 1 32 78 INV
1 1 77 79 INV
2 1 78 79 80 AND
2 1 2 80 81 AND
2 1 70 81 82 AND
2 1 70 81 83 XOR
2 1 82 83 84 XOR
1 1 2 85 INV
1 1 70 86 INV
2 1 85 86 87 AND
2 1 32 87 88 AND
2 1 77 88 89 AND
2 1 77 88 90 XOR
2 1 89 90 91 XOR
1 1 33 92 INV
1 1 91 93 INV
2 1 92 93 94 AND
2 1 3 94 95 AND
2 1 84 95 96 AND
2 1 84 95 97 XOR
2 1 96 97 98 XOR
1 1 3 99 INV
1 1 84 100 INV
2 1 99 100 101 AND
2 1 33 101 102 AND
2 1 91 102 103 AND
2 1 91 102 104 XOR
2 1 103 104 105 XOR
1 1 34 106 INV
1 1 105 107 INV
2 1 106 107 108 AND
2 1 4 108 109 AND
2 1 98 109 110 AND
2 1 98 109 111 XOR
2 1 110 111 112 XOR
1 1 4 113 INV
1 1 98 114 INV
2 1 113 114 115 AND
2 1 34 115 116 AND
2 1 105 116 117 AND
2 1 105 116 118 XOR
2 1 117 118 119 XOR
1 1 35 120 INV
1 1 119 121 INV
2 1 120 121 122 AND
2 1 5 122 123 AND
2 1 112 123 124 AND
2 1 112 123 125 XOR
2 1 124 125 126 XOR
1 1 5 127 INV
1 1 112 128 INV
2 1 127 128 129 AND
2 1 35 129 130 AND
2 1 119 130 131 AND
2 1 119 130 132 XOR
2 1 131 132 133 XOR
1 1 36 134 INV
1 1 133 135 INV
2 1 134 135 136 AND
2 1 6 136 137 AND
2 1 126 137 138 AND
2 1 126 137 139 XOR
2 1 138 139 140 XOR
1 1 6 141 INV
1 1 126 142 INV
2 1 141 142 143 AND
2 1 36 143 144 AND
2 1 133 144 145 AND
2 1 133 144 146 XOR
2 1 145 146 147 XOR
1 1 37 148 INV
1 1 147 149 INV
2 1 148 149 150 AND
2 1 7 150 151 AND
2 1 140 151 152 AND
2 1 140 151 153 XOR
2 1 152 153 154 XOR
1 1 7 155 INV
1 1 140 156 INV
2 1 155 156 157 AND
2 1 37 157 158 AND
2 1 147 158 159 AND
2 1 147 158 160 XOR
2 1 159 160 161 XOR
1 1 38 162 INV
1 1 161 163 INV
2 1 162 163 164 AND
2 1 8 164 165 AND
2 1 154 165 166 AND
2 1 154 165 167 XOR
2 1 166 167 168 XOR
1 1 8 169 INV
1 1 154 170 INV
2 1 169 170 171 AND
2 1 38 171 172 AND
2 1 161 172 173 AND
2 1 161 172 174 XOR
2 1 173 174 175 XOR
1 1 39 176 INV
1 1 175 177 INV
2 1 176 177 178 AND
2 1 9 178 179 AND
2 1 168 179 180 AND
2 1 168 179 181 XOR
2 1 180 181 182 XOR
1 1 9 183 INV
1 1 168 184 INV
2 1 183 184 185 AND
2 1 39 185 186 AND
2 1 175 186 187 AND
2 1 175 186 188 XOR
2 1 187 188 189 XOR
1 1 40 190 INV
1 1 189 191 INV
2 1 190 191 192 AND
2 1 10 192 193 AND
2 1 182 193 194 AND
2 1 182 193 195 XOR
2 1 194 195 196 XOR
1 1 10 197 INV
1 1 182 198 INV
2 1 197 198 199 AND
2 1 40 199 200 AND
2 1 189 200 201 AND
2 1 189 200 202 XOR
2 1 201 202 203 XOR
1 1 41 204 INV
1 1 203 205 INV
2 1 204 205 206 AND
2 1 11 206 207 AND
2 1 196 207 208 AND
2 1 196 207 209 XOR
2 1 208 209 210 XOR
1 1 11 211 INV
1 1 196 212 INV
2 1 211 212 213 AND
2 1 41 213 214 AND
2 1 203 214 215 AND
2 1 203 214 216 XOR
2 1 215 216 217 XOR
1 1 42 218 INV
1 1 217 219 INV
2 1 218 219 220 AND
2 1 12 220 221 AND
2 1 210 221 222 AND
2 1 210 221 223 XOR
2 1 222 223 224 XOR
1 1 12 225 INV
1 1 210 226 INV
2 1 225 226 227 AND
2 1 42 227 228 AND
2 1 217 228 229 AND
2 1 217 228 230 XOR
2 1 229 230 231 XOR
1 1 43 232 INV
1 1 231 233 INV
2 1 232 233 234 AND
2 1 13 234 235 AND
2 1 224 235 236 AND
2 1 224 235 237 XOR
2 1 236 237 238 XOR
1 1 13 239 INV
1 1 224 240 INV
2 1 239 240 241 AND
2 1 43 241 242 AND
2 1 231 242 243 AND
2 1 231 242 244 XOR
2 1 243 244 245 XOR
1 1 44 246 INV
1 1 245 247 INV
2 1 246 247 248 AND
2 1 14 248 249 AND
2 1 238 249 250 AND
2 1 238 249 251 XOR
2 1 250 251 252 XOR
1 1 14 253 INV
1 1 238 254 INV
2 1 253 254 255 AND
2 1 44 255 256 AND
2 1 245 256 257 AND
2 1 245 256 258 XOR
2 1 257 258 259 XOR
1 1 45 260 INV
1 1 259 261 INV
2 1 260 261 262 AND
2 1 15 262 263 AND
2 1 252 263 264 AND
2 1 252 263 265 XOR
2 1 264 265 266 XOR
1 1 15 267 INV
1 1 252 268 INV
2 1 267 268 269 AND
2 1 45 269 270 AND
2 1 259 270 271 AND
2 1 259 270 272 XOR
2 1 271 272 273 XOR
1 1 46 274 INV
1 1 273 275 INV
2 1 274 275 276 AND
2 1 16 276 277 AND
2 1 266 277 278 AND
2 1 266 277 279 XOR
2 1 278 279 280 XOR
1 1 16 281 INV
1 1 266 282 INV
2 1 281 282 283 AND
2 1 46 283 284 AND
2 1 273 284 285 AND
2 1 273 284 286 XOR
2 1 285 286 287 XOR
1 1 47 288 INV
1 1 287 289 INV
2 1 288 289 290 AND
2 1 17 290 291 AND
2 1 280 291 292 AND
2 1 280 291 293 XOR
2 1 292 293 294 XOR
1 1 17 295 INV
1 1 280 296 INV
2 1 295 296 297 AND
2 1 47 297 298 AND
2 1 287 298 299 AND
2 1 287 298 300 XOR
2 1 299 300 301 XOR
1 1 48 302 INV
1 1 301 303 INV
2 1 302 303 304 AND
2 1 18 304 305 AND
2 1 294 305 306 AND
2 1 294 305 307 XOR
2 1 306 307 308 XOR
1 1 18 309 INV
1 1 294 310 INV
2 1 309 310 311 AND
2 1 48 311 312 AND
2 1 301 312 313 AND
2 1 301 312 314 XOR
2 1 313 314 315 XOR
1 1 49 316 INV
1 1 315 317 INV
2 1 316 317 318 AND
2 1 19 318 319 AND
2 1 308 319 320 AND
2 1 308 319 321 XOR
2 1 320 321 322 XOR
1 1 19 323 INV
1 1 308 324 INV
2 1 323 324 325 AND
2 1 49 325 326 AND
2 1 315 326 327 AND
2 1 315 326 328 XOR
2 1 327 328 329 XOR
1 1 50 330 INV
1 1 329 331 INV
2 1 330 331 332 AND
2 1 20 332 333 AND
2 1 322 333 334 AND
2 1 322 333 335 XOR
2 1 334 335 336 XOR
1 1 20 337 INV
1 1 322 338 INV
2 1 337 338 339 AND
2 1 50 339 340 AND
2 1 329 340 341 AND
2 1 329 340 342 XOR
2 1 341 342 343 XOR
1 1 51 344 INV
1 1 343 345 INV
2 1 344 345 346 AND
2 1 21 346 347 AND
2 1 336 347 348 AND
2 1 336 347 349 XOR
2 1 348 349 350 XOR
1 1 21 351 INV
1 1 336 352 INV
2 1 351 352 353 AND
2 1 51 353 354 AND
2 1 343 354 355 AND
2 1 343 354 356 XOR
2 1 355 356 357 XOR
1 1 52 358 INV
1 1 357 359 INV
2 1 358 359 360 AND
2 1 22 360 361 AND
2 1 350 361 362 AND
2 1 350 361 363 XOR
2 1 362 363 364 XOR
1 1 22 365 INV
1 1 350 366 INV
2 1 365 366 367 AND
2 1 52 367 368 AND
2 1 357 368 369 AND
2 1 357 368 370 XOR
2 1 369 370 371 XOR
1 1 53 372 INV
1 1 371 373 INV
2 1 372 373 374 AND
2 1 23 374 375 AND
2 1 364 375 376 AND
2 1 364 375 377 XOR
2 1 376 377 378 XOR
1 1 23 379 INV
1 1 364 380 INV
2 1 379 380 381 AND
2 1 53 381 382 AND
2 1 371 382 383 AND
2 1 371 382 384 XOR
2 1 383 384 385 XOR
1 1 54 386 INV
1 1 385 387 INV
2 1 386 387 388 AND
2 1 24 388 389 AND
2 1 378 389 390 AND
2 1 378 389 391 XOR
2 1 390 391 392 XOR
1 1 24 393 INV
1 1 378 394 INV
2 1 393 394 395 AND
2 1 54 395 396 AND
2 1 385 396 397 AND
2 1 385 396 398 XOR
2 1 397 398 399 XOR
1 1 55 400 INV
1 1 399 401 INV
2 1 400 401 402 AND
2 1 25 402 403 AND
2 1 392 403 404 AND
2 1 392 403 405 XOR
2 1 404 405 406 XOR
1 1 25 407 INV
1 1 392 408 INV
2 1 407 408 409 AND
2 1 55 409 410 AND
2 1 399 410 411 AND
2 1 399 410 412 XOR
2 1 411 412 413 XOR
1 1 56 414 INV
1 1 413 415 INV
2 1 414 415 416 AND
2 1 26 416 417 AND
2 1 406 417 418 AND
2 1 406 417 419 XOR
2 1 418 419 420 XOR
1 1 26 421 INV
1 1 406 422 INV
2 1 421 422 423 AND
2 1 56 423 424 AND
2 1 413 424 425 AND
2 1 413 424 426 XOR
2 1 425 426 427 XOR
1 1 57 428 INV
1 1 427 429 INV
2 1 428 429 430 AND
2 1 27 430 431 AND
2 1 420 431 432 AND
2 1 420 431 433 XOR
2 1 432 433 434 XOR
1 1 27 435 INV
1 1 420 436 INV
2 1 435 436 437 AND
2 1 57 437 438 AND
2 1 427 438 439 AND
2 1 427 438 440 XOR
2 1 439 440 441 XOR
1 1 58 442 INV
1 1 441 443 INV
2 1 442 443 444 AND
2 1 28 444 445 AND
2 1 434 445 446 AND
2 1 434 445 447 XOR
2 1 446 447 448 XOR
1 1 28 449 INV
1 1 434 450 INV
2 1 449 450 451 AND
2 1 58 451 452 AND
2 1 441 452 453 AND
2 1 441 452 454 XOR
2 1 453 454 455 XOR
1 1 59 456 INV
1 1 455 457 INV
2 1 456 457 458 AND
2 1 29 458 459 AND
2 1 448 459 460 AND
2 1 448 459 461 XOR
2 1 460 461 462 XOR
1 1 29 463 INV
1 1 448 464 INV
2 1 463 464 465 AND
2 1 59 465 466 AND
2 1 455 466 467 AND
2 1 455 466 468 XOR
2 1 467 468 469 XOR
1 1 462 470 EQW
