243 279
2 18 18
1 1

1 1 18 36 INV
2 1 0 36 37 AND
1 1 0 38 INV
2 1 18 38 39 AND
1 1 19 40 INV
1 1 39 41 INV
2 1 40 41 42 AND
2 1 1 42 43 AND
2 1 37 43 44 AND
2 1 37 43 45 XOR
2 1 44 45 46 XOR
1 1 1 47 INV
1 1 37 48 INV
2 1 47 48 49 AND
2 1 19 49 50 AND
2 1 39 50 51 AND
2 1 39 50 52 XOR
2 1 51 52 53 XOR
1 1 20 54 INV
1 1 53 55 INV
2 1 54 55 56 AND
2 1 2 56 57 AND
2 1 46 57 58 AND
2 1 46 57 59 XOR
2 1 58 59 60 XOR
1 1 2 61 INV
1 1 46 62 INV
2 1 61 62 63 AND
2 1 20 63 64 AND
2 1 53 64 65 AND
2 1 53 64 66 XOR
2 1 65 66 67 XOR
1 1 21 68 INV
1 1 67 69 INV
2 1 68 69 70 AND
2 1 3 70 71 AND
2 1 60 71 72 AND
2 1 60 71 73 XOR
2 1 72 73 74 XOR
1 1 3 75 INV
1 1 60 76 INV
2 1 75 76 77 AND
2 1 21 77 78 AND
2 1 67 78 79 AND
2 1 67 78 80 XOR
2 1 79 80 81 XOR
1 1 22 82 INV
1 1 81 83 INV
2 1 82 83 84 AND
2 1 4 84 85 AND
2 1 74 85 86 AND
2 1 74 85 87 XOR
2 1 86 87 88 XOR
1 1 4 89 INV
1 1 74 90 INV
2 1 89 90 91 AND
2 1 22 91 92 AND
2 1 81 92 93 AND
2 1 81 92 94 XOR
2 1 93 94 95 XOR
1 1 23 96 INV
1 1 95 97 INV
2 1 96 97 98 AND
2 1 5 98 99 AND
2 1 88 99 100 AND
2 1 88 99 101 XOR
2 1 100 101 102 XOR
1 1 5 103 INV
1 1 88 104 INV
2 1 103 104 105 AND
2 1 23 105 106 AND
2 1 95 106 107 AND
2 1 95 106 108 XOR
2 1 107 108 109 XOR
1 1 24 110 INV
1 1 109 111 INV
2 1 110 111 112 AND
2 1 6 112 113 AND
2 1 102 113 114 AND
2 1 102 113 115 XOR
2 1 114 115 116 XOR
1 1 6 117 INV
1 1 102 118 INV
2 1 117 118 119 AND
2 1 24 119 120 AND
2 1 109 120 121 AND
2 1 109 120 122 XOR
2 1 121 122 123 XOR
1 1 25 124 INV
1 1 123 125 INV
2 1 124 125 126 AND
2 1 7 126 127 AND
2 1 116 127 128 AND
2 1 116 127 129 XOR
2 1 128 129 130 XOR
1 1 7 131 INV
1 1 116 132 INV
2 1 131 132 133 AND
2 1 25 133 134 AND
2 1 123 134 135 AND
2 1 123 134 136 XOR
2 1 135 136 137 XOR
1 1 26 138 INV
1 1 137 139 INV
2 1 138 139 140 AND
2 1 8 140 141 AND
2 1 130 141 142 AND
2 1 130 141 143 XOR
2 1 142 143 144 XOR
1 1 8 145 INV
1 1 130 146 INV
2 1 145 146 147 AND
2 1 26 147 148 AND
2 1 137 148 149 AND
2 1 137 148 150 XOR
2 1 149 150 151 XOR
1 1 27 152 INV
1 1 151 153 INV
2 1 152 153 154 AND
2 1 9 154 155 AND
2 1 144 155 156 AND
2 1 144 155 157 XOR
2 1 156 157 158 XOR
1 1 9 159 INV
1 1 144 160 INV
2 1 159 160 161 AND
2 1 27 161 162 AND
2 1 151 162 163 AND
2 1 151 162 164 XOR
2 1 163 164 165 XOR
1 1 28 166 INV
1 1 165 167 INV
2 1 166 167 168 AND
2 1 10 168 169 AND
2 1 158 169 170 AND
2 1 158 169 171 XOR
2 1 170 171 172 XOR
1 1 10 173 INV
1 1 158 174 INV
2 1 173 174 175 AND
2 1 28 175 176 AND
2 1 165 176 177 AND
2 1 165 176 178 XOR
2 1 177 178 179 XOR
1 1 29 180 INV
1 1 179 181 INV
2 1 180 181 182 AND
2 1 11 182 183 AND
2 1 172 183 184 AND
2 1 172 183 185 XOR
2 1 184 185 186 XOR
1 1 11 187 INV
1 1 172 188 INV
2 1 187 188 189 AND
2 1 29 189 190 AND
2 1 179 190 191 AND
2 1 179 190 192 XOR
2 1 191 192 193 XOR
1 1 30 194 INV
1 1 193 195 INV
2 1 194 195 196 AND
2 1 12 196 197 AND
2 1 186 197 198 AND
2 1 186 197 199 XOR
2 1 198 199 200 XOR
1 1 12 201 INV
1 1 186 202 INV
2 1 201 202 203 AND
2 1 30 203 204 AND
2 1 193 204 205 AND
2 1 193 204 206 XOR
2 1 205 206 207 XOR
1 1 31 208 INV
1 1 207 209 INV
2 1 208 209 210 AND
2 1 13 210 211 AND
2 1 200 211 212 AND
2 1 200 211 213 XOR
2 1 212 213 214 XOR
1 1 13 215 INV
1 1 200 216 INV
2 1 215 216 217 AND
2 1 31 217 218 AND
2 1 207 218 219 AND
2 1 207 218 220 XOR
2 1 219 220 221 XOR
1 1 32 222 INV
1 1 221 223 INV
2 1 222 223 224 AND
2 1 14 224 225 AND
2 1 214 225 226 AND
2 1 214 225 227 XOR
2 1 226 227 228 XOR
1 1 14 229 INV
1 1 214 230 INV
2 1 229 230 231 AND
2 1 32 231 232 AND
2 1 221 232 233 AND
2 1 221 232 234 XOR
2 1 233 234 235 XOR
1 1 33 236 INV
1 1 235 237 INV
2 1 236 237 238 AND
2 1 15 238 239 AND
2 1 228 239 240 AND
2 1 228 239 241 XOR
2 1 240 241 242 XOR
1 1 15 243 INV
1 1 228 244 INV
2 1 243 244 245 AND
2 1 33 245 246 AND
2 1 235 246 247 AND
2 1 235 246 248 XOR
2 1 247 248 249 XOR
1 1 34 250 INV
1 1 249 251 INV
2 1 250 251 252 AND
2 1 16 252 253 AND
2 1 242 253 254 AND
2 1 242 253 255 XOR
2 1 254 255 256 XOR
1 1 16 257 INV
1 1 242 258 INV
2 1 257 258 259 AND
2 1 34 259 260 AND
2 1 249 260 261 AND
2 1 249 260 262 XOR
2 1 261 262 263 XOR
1 1 35 264 INV
1 1 263 265 INV
2 1 264 265 266 AND
2 1 17 266 267 AND
2 1 256 267 268 AND
2 1 256 267 269 XOR
2 1 268 269 270 XOR
1 1 17 271 INV
1 1 256 272 INV
2 1 271 272 273 AND
2 1 35 273 274 AND
2 1 263 274 275 AND
2 1 263 274 276 XOR
2 1 275 276 277 XOR
1 1 270 278 EQW
