425 487
2 31 31
1 1

1 1 31 62 INV
2 1 0 62 63 AND
1 1 0 64 INV
2 1 31 64 65 AND
1 1 32 66 INV
1 1 65 67 INV
2 1 66 67 68 AND
2 1 1 68 69 AND
2 1 63 69 70 AND
2 1 63 69 71 XOR
2 1 70 71 72 XOR
1 1 1 73 INV
1 1 63 74 INV
2 1 73 74 75 AND
2 1 32 75 76 AND
2 1 65 76 77 AND
2 1 65 76 78 XOR
2 1 77 78 79 XOR
1 1 33 80 INV
1 1 79 81 INV
2 1 80 81 82 AND
2 1 2 82 83 AND
2 1 72 83 84 AND
2 1 72 83 85 XOR
2 1 84 85 86 XOR
1 1 2 87 INV
1 1 72 88 INV
2 1 87 88 89 AND
2 1 33 89 90 AND
2 1 79 90 91 AND
2 1 79 90 92 XOR
2 1 91 92 93 XOR
1 1 34 94 INV
1 1 93 95 INV
2 1 94 95 96 AND
2 1 3 96 97 AND
2 1 86 97 98 AND
2 1 86 97 99 XOR
2 1 98 99 100 XOR
1 1 3 101 INV
1 1 86 102 INV
2 1 101 102 103 AND
2 1 34 103 104 AND
2 1 93 104 105 AND
2 1 93 104 106 XOR
2 1 105 106 107 XOR
1 1 35 108 INV
1 1 107 109 INV
2 1 108 109 110 AND
2 1 4 110 111 AND
2 1 100 111 112 AND
2 1 100 111 113 XOR
2 1 112 113 114 XOR
1 1 4 115 INV
1 1 100 116 INV
2 1 115 116 117 AND
2 1 35 117 118 AND
2 1 107 118 119 AND
2 1 107 118 120 XOR
2 1 119 120 121 XOR
1 1 36 122 INV
1 1 121 123 INV
2 1 122 123 124 AND
2 1 5 124 125 AND
2 1 114 125 126 AND
2 1 114 125 127 XOR
2 1 126 127 128 XOR
1 1 5 129 INV
1 1 114 130 INV
2 1 129 130 131 AND
2 1 36 131 132 AND
2 1 121 132 133 AND
2 1 121 132 134 XOR
2 1 133 134 135 XOR
1 1 37 136 INV
1 1 135 137 INV
2 1 136 137 138 AND
2 1 6 138 139 AND
2 1 128 139 140 AND
2 1 128 139 141 XOR
2 1 140 141 142 XOR
1 1 6 143 INV
1 1 128 144 INV
2 1 143 144 145 AND
2 1 37 145 146 AND
2 1 135 146 147 AND
2 1 135 146 148 XOR
2 1 147 148 149 XOR
1 1 38 150 INV
1 1 149 151 INV
2 1 150 151 152 AND
2 1 7 152 153 AND
2 1 142 153 154 AND
2 1 142 153 155 XOR
2 1 154 155 156 XOR
1 1 7 157 INV
1 1 142 158 INV
2 1 157 158 159 AND
2 1 38 159 160 AND
2 1 149 160 161 AND
2 1 149 160 162 XOR
2 1 161 162 163 XOR
1 1 39 164 INV
1 1 163 165 INV
2 1 164 165 166 AND
2 1 8 166 167 AND
2 1 156 167 168 AND
2 1 156 167 169 XOR
2 1 168 169 170 XOR
1 1 8 171 INV
1 1 156 172 INV
2 1 171 172 173 AND
2 1 39 173 174 AND
2 1 163 174 175 AND
2 1 163 174 176 XOR
2 1 175 176 177 XOR
1 1 40 178 INV
1 1 177 179 INV
2 1 178 179 180 AND
2 1 9 180 181 AND
2 1 170 181 182 AND
2 1 170 181 183 XOR
2 1 182 183 184 XOR
1 1 9 185 INV
1 1 170 186 INV
2 1 185 186 187 AND
2 1 40 187 188 AND
2 1 177 188 189 AND
2 1 177 188 190 XOR
2 1 189 190 191 XOR
1 1 41 192 INV
1 1 191 193 INV
2 1 192 193 194 AND
2 1 10 194 195 AND
2 1 184 195 196 AND
2 1 184 195 197 XOR
2 1 196 197 198 XOR
1 1 10 199 INV
1 1 184 200 INV
2 1 199 200 201 AND
2 1 41 201 202 AND
2 1 191 202 203 AND
2 1 191 202 204 XOR
2 1 203 204 205 XOR
1 1 42 206 INV
1 1 205 207 INV
2 1 206 207 208 AND
2 1 11 208 209 AND
2 1 198 209 210 AND
2 1 198 209 211 XOR
2 1 210 211 212 XOR
1 1 11 213 INV
1 1 198 214 INV
2 1 213 214 215 AND
2 1 42 215 216 AND
2 1 205 216 217 AND
2 1 205 216 218 XOR
2 1 217 218 219 XOR
1 1 43 220 INV
1 1 219 221 INV
2 1 220 221 222 AND
2 1 12 222 223 AND
2 1 212 223 224 AND
2 1 212 223 225 XOR
2 1 224 225 226 XOR
1 1 12 227 INV
1 1 212 228 INV
2 1 227 228 229 AND
2 1 43 229 230 AND
2 1 219 230 231 AND
2 1 219 230 232 XOR
2 1 231 232 233 XOR
1 1 44 234 INV
1 1 233 235 INV
2 1 234 235 236 AND
2 1 13 236 237 AND
2 1 226 237 238 AND
2 1 226 237 239 XOR
2 1 238 239 240 XOR
1 1 13 241 INV
1 1 226 242 INV
2 1 241 242 243 AND
2 1 44 243 244 AND
2 1 233 244 245 AND
2 1 233 244 246 XOR
2 1 245 246 247 XOR
1 1 45 248 INV
1 1 247 249 INV
2 1 248 249 250 AND
2 1 14 250 251 AND
2 1 240 251 252 AND
2 1 240 251 253 XOR
2 1 252 253 254 XOR
1 1 14 255 INV
1 1 240 256 INV
2 1 255 256 257 AND
2 1 45 257 258 AND
2 1 247 258 259 AND
2 1 247 258 260 XOR
2 1 259 260 261 XOR
1 1 46 262 INV
1 1 261 263 INV
2 1 262 263 264 AND
2 1 15 264 265 AND
2 1 254 265 266 AND
2 1 254 265 267 XOR
2 1 266 267 268 XOR
1 1 15 269 INV
1 1 254 270 INV
2 1 269 270 271 AND
2 1 46 271 272 AND
2 1 261 272 273 AND
2 1 261 272 274 XOR
2 1 273 274 275 XOR
1 1 47 276 INV
1 1 275 277 INV
2 1 276 277 278 AND
2 1 16 278 279 AND
2 1 268 279 280 AND
2 1 268 279 281 XOR
2 1 280 281 282 XOR
1 1 16 283 INV
1 1 268 284 INV
2 1 283 284 285 AND
2 1 47 285 286 AND
2 1 275 286 287 AND
2 1 275 286 288 XOR
2 1 287 288 289 XOR
1 1 48 290 INV
1 1 289 291 INV
2 1 290 291 292 AND
2 1 17 292 293 AND
2 1 282 293 294 AND
2 1 282 293 295 XOR
2 1 294 295 296 XOR
1 1 17 297 INV
1 1 282 298 INV
2 1 297 298 299 AND
2 1 48 299 300 AND
2 1 289 300 301 AND
2 1 289 300 302 XOR
2 1 301 302 303 XOR
1 1 49 304 INV
1 1 303 305 INV
2 1 304 305 306 AND
2 1 18 306 307 AND
2 1 296 307 308 AND
2 1 296 307 309 XOR
2 1 308 309 310 XOR
1 1 18 311 INV
1 1 296 312 INV
2 1 311 312 313 AND
2 1 49 313 314 AND
2 1 303 314 315 AND
2 1 303 314 316 XOR
2 1 315 316 317 XOR
1 1 50 318 INV
1 1 317 319 INV
2 1 318 319 320 AND
2 1 19 320 321 AND
2 1 310 321 322 AND
2 1 310 321 323 XOR
2 1 322 323 324 XOR
1 1 19 325 INV
1 1 310 326 INV
2 1 325 326 327 AND
2 1 50 327 328 AND
2 1 317 328 329 AND
2 1 317 328 330 XOR
2 1 329 330 331 XOR
1 1 51 332 INV
1 1 331 333 INV
2 1 332 333 334 AND
2 1 20 334 335 AND
2 1 324 335 336 AND
2 1 324 335 337 XOR
2 1 336 337 338 XOR
1 1 20 339 INV
1 1 324 340 INV
2 1 339 340 341 AND
2 1 51 341 342 AND
2 1 331 342 343 AND
2 1 331 342 344 XOR
2 1 343 344 345 XOR
1 1 52 346 INV
1 1 345 347 INV
2 1 346 347 348 AND
2 1 21 348 349 AND
2 1 338 349 350 AND
2 1 338 349 351 XOR
2 1 350 351 352 XOR
1 1 21 353 INV
1 1 338 354 INV
2 1 353 354 355 AND
2 1 52 355 356 AND
2 1 345 356 357 AND
2 1 345 356 358 XOR
2 1 357 358 359 XOR
1 1 53 360 INV
1 1 359 361 INV
2 1 360 361 362 AND
2 1 22 362 363 AND
2 1 352 363 364 AND
2 1 352 363 365 XOR
2 1 364 365 366 XOR
1 1 22 367 INV
1 1 352 368 INV
2 1 367 368 369 AND
2 1 53 369 370 AND
2 1 359 370 371 AND
2 1 359 370 372 XOR
2 1 371 372 373 XOR
1 1 54 374 INV
1 1 373 375 INV
2 1 374 375 376 AND
2 1 23 376 377 AND
2 1 366 377 378 AND
2 1 366 377 379 XOR
2 1 378 379 380 XOR
1 1 23 381 INV
1 1 366 382 INV
2 1 381 382 383 AND
2 1 54 383 384 AND
2 1 373 384 385 AND
2 1 373 384 386 XOR
2 1 385 386 387 XOR
1 1 55 388 INV
1 1 387 389 INV
2 1 388 389 390 AND
2 1 24 390 391 AND
2 1 380 391 392 AND
2 1 380 391 393 XOR
2 1 392 393 394 XOR
1 1 24 395 INV
1 1 380 396 INV
2 1 395 396 397 AND
2 1 55 397 398 AND
2 1 387 398 399 AND
2 1 387 398 400 XOR
2 1 399 400 401 XOR
1 1 56 402 INV
1 1 401 403 INV
2 1 402 403 404 AND
2 1 25 404 405 AND
2 1 394 405 406 AND
2 1 394 405 407 XOR
2 1 406 407 408 XOR
1 1 25 409 INV
1 1 394 410 INV
2 1 409 410 411 AND
2 1 56 411 412 AND
2 1 401 412 413 AND
2 1 401 412 414 XOR
2 1 413 414 415 XOR
1 1 57 416 INV
1 1 415 417 INV
2 1 416 417 418 AND
2 1 26 418 419 AND
2 1 408 419 420 AND
2 1 408 419 421 XOR
2 1 420 421 422 XOR
1 1 26 423 INV
1 1 408 424 INV
2 1 423 424 425 AND
2 1 57 425 426 AND
2 1 415 426 427 AND
2 1 415 426 428 XOR
2 1 427 428 429 XOR
1 1 58 430 INV
1 1 429 431 INV
2 1 430 431 432 AND
2 1 27 432 433 AND
2 1 422 433 434 AND
2 1 422 433 435 XOR
2 1 434 435 436 XOR
1 1 27 437 INV
1 1 422 438 INV
2 1 437 438 439 AND
2 1 58 439 440 AND
2 1 429 440 441 AND
2 1 429 440 442 XOR
2 1 441 442 443 XOR
1 1 59 444 INV
1 1 443 445 INV
2 1 444 445 446 AND
2 1 28 446 447 AND
2 1 436 447 448 AND
2 1 436 447 449 XOR
2 1 448 449 450 XOR
1 1 28 451 INV
1 1 436 452 INV
2 1 451 452 453 AND
2 1 59 453 454 AND
2 1 443 454 455 AND
2 1 443 454 456 XOR
2 1 455 456 457 XOR
1 1 60 458 INV
1 1 457 459 INV
2 1 458 459 460 AND
2 1 29 460 461 AND
2 1 450 461 462 AND
2 1 450 461 463 XOR
2 1 462 463 464 XOR
1 1 29 465 INV
1 1 450 466 INV
2 1 465 466 467 AND
2 1 60 467 468 AND
2 1 457 468 469 AND
2 1 457 468 470 XOR
2 1 469 470 471 XOR
1 1 61 472 INV
1 1 471 473 INV
2 1 472 473 474 AND
2 1 30 474 475 AND
2 1 464 475 476 AND
2 1 464 475 477 XOR
2 1 476 477 478 XOR
1 1 30 479 INV
1 1 464 480 INV
2 1 479 480 481 AND
2 1 61 481 482 AND
2 1 471 482 483 AND
2 1 471 482 484 XOR
2 1 483 484 485 XOR
1 1 478 486 EQW
