159 183
2 12 12
1 1

1 1 12 24 INV
2 1 0 24 25 AND
1 1 0 26 INV
2 1 12 26 27 AND
1 1 13 28 INV
1 1 27 29 INV
2 1 28 29 30 AND
2 1 1 30 31 AND
2 1 25 31 32 AND
2 1 25 31 33 XOR
2 1 32 33 34 XOR
1 1 1 35 INV
1 1 25 36 INV
2 1 35 36 37 AND
2 1 13 37 38 AND
2 1 27 38 39 AND
2 1 27 38 40 XOR
2 1 39 40 41 XOR
1 1 14 42 INV
1 1 41 43 INV
2 1 42 43 44 AND
2 1 2 44 45 AND
2 1 34 45 46 AND
2 1 34 45 47 XOR
2 1 46 47 48 XOR
1 1 2 49 INV
1 1 34 50 INV
2 1 49 50 51 AND
2 1 14 51 52 AND
2 1 41 52 53 AND
2 1 41 52 54 XOR
2 1 53 54 55 XOR
1 1 15 56 INV
1 1 55 57 INV
2 1 56 57 58 AND
2 1 3 58 59 AND
2 1 48 59 60 AND
2 1 48 59 61 XOR
2 1 60 61 62 XOR
1 1 3 63 INV
1 1 48 64 INV
2 1 63 64 65 AND
2 1 15 65 66 AND
2 1 55 66 67 AND
2 1 55 66 68 XOR
2 1 67 68 69 XOR
1 1 16 70 INV
1 1 69 71 INV
2 1 70 71 72 AND
2 1 4 72 73 AND
2 1 62 73 74 AND
2 1 62 73 75 XOR
2 1 74 75 76 XOR
1 1 4 77 INV
1 1 62 78 INV
2 1 77 78 79 AND
2 1 16 79 80 AND
2 1 69 80 81 AND
2 1 69 80 82 XOR
2 1 81 82 83 XOR
1 1 17 84 INV
1 1 83 85 INV
2 1 84 85 86 AND
2 1 5 86 87 AND
2 1 76 87 88 AND
2 1 76 87 89 XOR
2 1 88 89 90 XOR
1 1 5 91 INV
1 1 76 92 INV
2 1 91 92 93 AND
2 1 17 93 94 AND
2 1 83 94 95 AND
2 1 83 94 96 XOR
2 1 95 96 97 XOR
1 1 18 98 INV
1 1 97 99 INV
2 1 98 99 100 AND
2 1 6 100 101 AND
2 1 90 101 102 AND
2 1 90 101 103 XOR
2 1 102 103 104 XOR
1 1 6 105 INV
1 1 90 106 INV
2 1 105 106 107 AND
2 1 18 107 108 AND
2 1 97 108 109 AND
2 1 97 108 110 XOR
2 1 109 110 111 XOR
1 1 19 112 INV
1 1 111 113 INV
2 1 112 113 114 AND
2 1 7 114 115 AND
2 1 104 115 116 AND
2 1 104 115 117 XOR
2 1 116 117 118 XOR
1 1 7 119 INV
1 1 104 120 INV
2 1 119 120 121 AND
2 1 19 121 122 AND
2 1 111 122 123 AND
2 1 111 122 124 XOR
2 1 123 124 125 XOR
1 1 20 126 INV
1 1 125 127 INV
2 1 126 127 128 AND
2 1 8 128 129 AND
2 1 118 129 130 AND
2 1 118 129 131 XOR
2 1 130 131 132 XOR
1 1 8 133 INV
1 1 118 134 INV
2 1 133 134 135 AND
2 1 20 135 136 AND
2 1 125 136 137 AND
2 1 125 136 138 XOR
2 1 137 138 139 XOR
1 1 21 140 INV
1 1 139 141 INV
2 1 140 141 142 AND
2 1 9 142 143 AND
2 1 132 143 144 AND
2 1 132 143 145 XOR
2 1 144 145 146 XOR
1 1 9 147 INV
1 1 132 148 INV
2 1 147 148 149 AND
2 1 21 149 150 AND
2 1 139 150 151 AND
2 1 139 150 152 XOR
2 1 151 152 153 XOR
1 1 22 154 INV
1 1 153 155 INV
2 1 154 155 156 AND
2 1 10 156 157 AND
2 1 146 157 158 AND
2 1 146 157 159 XOR
2 1 158 159 160 XOR
1 1 10 161 INV
1 1 146 162 INV
2 1 161 162 163 AND
2 1 22 163 164 AND
2 1 153 164 165 AND
2 1 153 164 166 XOR
2 1 165 166 167 XOR
1 1 23 168 INV
1 1 167 169 INV
2 1 168 169 170 AND
2 1 11 170 171 AND
2 1 160 171 172 AND
2 1 160 171 173 XOR
2 1 172 173 174 XOR
1 1 11 175 INV
1 1 160 176 INV
2 1 175 176 177 AND
2 1 23 177 178 AND
2 1 167 178 179 AND
2 1 167 178 180 XOR
2 1 179 180 181 XOR
1 1 174 182 EQW
