61 71
2 5 5
1 1

1 1 5 10 INV
2 1 0 10 11 AND
1 1 0 12 INV
2 1 5 12 13 AND
1 1 6 14 INV
1 1 13 15 INV
2 1 14 15 16 AND
2 1 1 16 17 AND
2 1 11 17 18 AND
2 1 11 17 19 XOR
2 1 18 19 20 XOR
1 1 1 21 INV
1 1 11 22 INV
2 1 21 22 23 AND
2 1 6 23 24 AND
2 1 13 24 25 AND
2 1 13 24 26 XOR
2 1 25 26 27 XOR
1 1 7 28 INV
1 1 27 29 INV
2 1 28 29 30 AND
2 1 2 30 31 AND
2 1 20 31 32 AND
2 1 20 31 33 XOR
2 1 32 33 34 XOR
1 1 2 35 INV
1 1 20 36 INV
2 1 35 36 37 AND
2 1 7 37 38 AND
2 1 27 38 39 AND
2 1 27 38 40 XOR
2 1 39 40 41 XOR
1 1 8 42 INV
1 1 41 43 INV
2 1 42 43 44 AND
2 1 3 44 45 AND
2 1 34 45 46 AND
2 1 34 45 47 XOR
2 1 46 47 48 XOR
1 1 3 49 INV
1 1 34 50 INV
2 1 49 50 51 AND
2 1 8 51 52 AND
2 1 41 52 53 AND
2 1 41 52 54 XOR
2 1 53 54 55 XOR
1 1 9 56 INV
1 1 55 57 INV
2 1 56 57 58 AND
2 1 4 58 59 AND
2 1 48 59 60 AND
2 1 48 59 61 XOR
2 1 60 61 62 XOR
1 1 4 63 INV
1 1 48 64 INV
2 1 63 64 65 AND
2 1 9 65 66 AND
2 1 55 66 67 AND
2 1 55 66 68 XOR
2 1 67 68 69 XOR
1 1 62 70 EQW
