103 119
2 8 8
1 1

1 1 8 16 INV
2 1 0 16 17 AND
1 1 0 18 INV
2 1 8 18 19 AND
1 1 9 20 INV
1 1 19 21 INV
2 1 20 21 22 AND
2 1 1 22 23 AND
2 1 17 23 24 AND
2 1 17 23 25 XOR
2 1 24 25 26 XOR
1 1 1 27 INV
1 1 17 28 INV
2 1 27 28 29 AND
2 1 9 29 30 AND
2 1 19 30 31 AND
2 1 19 30 32 XOR
2 1 31 32 33 XOR
1 1 10 34 INV
1 1 33 35 INV
2 1 34 35 36 AND
2 1 2 36 37 AND
2 1 26 37 38 AND
2 1 26 37 39 XOR
2 1 38 39 40 XOR
1 1 2 41 INV
1 1 26 42 INV
2 1 41 42 43 AND
2 1 10 43 44 AND
2 1 33 44 45 AND
2 1 33 44 46 XOR
2 1 45 46 47 XOR
1 1 11 48 INV
1 1 47 49 INV
2 1 48 49 50 AND
2 1 3 50 51 AND
2 1 40 51 52 AND
2 1 40 51 53 XOR
2 1 52 53 54 XOR
1 1 3 55 INV
1 1 40 56 INV
2 1 55 56 57 AND
2 1 11 57 58 AND
2 1 47 58 59 AND
2 1 47 58 60 XOR
2 1 59 60 61 XOR
1 1 12 62 INV
1 1 61 63 INV
2 1 62 63 64 AND
2 1 4 64 65 AND
2 1 54 65 66 AND
2 1 54 65 67 XOR
2 1 66 67 68 XOR
1 1 4 69 INV
1 1 54 70 INV
2 1 69 70 71 AND
2 1 12 71 72 AND
2 1 61 72 73 AND
2 1 61 72 74 XOR
2 1 73 74 75 XOR
1 1 13 76 INV
1 1 75 77 INV
2 1 76 77 78 AND
2 1 5 78 79 AND
2 1 68 79 80 AND
2 1 68 79 81 XOR
2 1 80 81 82 XOR
1 1 5 83 INV
1 1 68 84 INV
2 1 83 84 85 AND
2 1 13 85 86 AND
2 1 75 86 87 AND
2 1 75 86 88 XOR
2 1 87 88 89 XOR
1 1 14 90 INV
1 1 89 91 INV
2 1 90 91 92 AND
2 1 6 92 93 AND
2 1 82 93 94 AND
2 1 82 93 95 XOR
2 1 94 95 96 XOR
1 1 6 97 INV
1 1 82 98 INV
2 1 97 98 99 AND
2 1 14 99 100 AND
2 1 89 100 101 AND
2 1 89 100 102 XOR
2 1 101 102 103 XOR
1 1 15 104 INV
1 1 103 105 INV
2 1 104 105 106 AND
2 1 7 106 107 AND
2 1 96 107 108 AND
2 1 96 107 109 XOR
2 1 108 109 110 XOR
1 1 7 111 INV
1 1 96 112 INV
2 1 111 112 113 AND
2 1 15 113 114 AND
2 1 103 114 115 AND
2 1 103 114 116 XOR
2 1 115 116 117 XOR
1 1 110 118 EQW
