145 167
2 11 11
1 1

1 1 11 22 INV
2 1 0 22 23 AND
1 1 0 24 INV
2 1 11 24 25 AND
1 1 12 26 INV
1 1 25 27 INV
2 1 26 27 28 AND
2 1 1 28 29 AND
2 1 23 29 30 AND
2 1 23 29 31 XOR
2 1 30 31 32 XOR
1 1 1 33 INV
1 1 23 34 INV
2 1 33 34 35 AND
2 1 12 35 36 AND
2 1 25 36 37 AND
2 1 25 36 38 XOR
2 1 37 38 39 XOR
1 1 13 40 INV
1 1 39 41 INV
2 1 40 41 42 AND
2 1 2 42 43 AND
2 1 32 43 44 AND
2 1 32 43 45 XOR
2 1 44 45 46 XOR
1 1 2 47 INV
1 1 32 48 INV
2 1 47 48 49 AND
2 1 13 49 50 AND
2 1 39 50 51 AND
2 1 39 50 52 XOR
2 1 51 52 53 XOR
1 1 14 54 INV
1 1 53 55 INV
2 1 54 55 56 AND
2 1 3 56 57 AND
2 1 46 57 58 AND
2 1 46 57 59 XOR
2 1 58 59 60 XOR
1 1 3 61 INV
1 1 46 62 INV
2 1 61 62 63 AND
2 1 14 63 64 AND
2 1 53 64 65 AND
2 1 53 64 66 XOR
2 1 65 66 67 XOR
1 1 15 68 INV
1 1 67 69 INV
2 1 68 69 70 AND
2 1 4 70 71 AND
2 1 60 71 72 AND
2 1 60 71 73 XOR
2 1 72 73 74 XOR
1 1 4 75 INV
1 1 60 76 INV
2 1 75 76 77 AND
2 1 15 77 78 AND
2 1 67 78 79 AND
2 1 67 78 80 XOR
2 1 79 80 81 XOR
1 1 16 82 INV
1 1 81 83 INV
2 1 82 83 84 AND
2 1 5 84 85 AND
2 1 74 85 86 AND
2 1 74 85 87 XOR
2 1 86 87 88 XOR
1 1 5 89 INV
1 1 74 90 INV
2 1 89 90 91 AND
2 1 16 91 92 AND
2 1 81 92 93 AND
2 1 81 92 94 XOR
2 1 93 94 95 XOR
1 1 17 96 INV
1 1 95 97 INV
2 1 96 97 98 AND
2 1 6 98 99 AND
2 1 88 99 100 AND
2 1 88 99 101 XOR
2 1 100 101 102 XOR
1 1 6 103 INV
1 1 88 104 INV
2 1 103 104 105 AND
2 1 17 105 106 AND
2 1 95 106 107 AND
2 1 95 106 108 XOR
2 1 107 108 109 XOR
1 1 18 110 INV
1 1 109 111 INV
2 1 110 111 112 AND
2 1 7 112 113 AND
2 1 102 113 114 AND
2 1 102 113 115 XOR
2 1 114 115 116 XOR
1 1 7 117 INV
1 1 102 118 INV
2 1 117 118 119 AND
2 1 18 119 120 AND
2 1 109 120 121 AND
2 1 109 120 122 XOR
2 1 121 122 123 XOR
1 1 19 124 INV
1 1 123 125 INV
2 1 124 125 126 AND
2 1 8 126 127 AND
2 1 116 127 128 AND
2 1 116 127 129 XOR
2 1 128 129 130 XOR
1 1 8 131 INV
1 1 116 132 INV
2 1 131 132 133 AND
2 1 19 133 134 AND
2 1 123 134 135 AND
2 1 123 134 136 XOR
2 1 135 136 137 XOR
1 1 20 138 INV
1 1 137 139 INV
2 1 138 139 140 AND
2 1 9 140 141 AND
2 1 130 141 142 AND
2 1 130 141 143 XOR
2 1 142 143 144 XOR
1 1 9 145 INV
1 1 130 146 INV
2 1 145 146 147 AND
2 1 20 147 148 AND
2 1 137 148 149 AND
2 1 137 148 150 XOR
2 1 149 150 151 XOR
1 1 21 152 INV
1 1 151 153 INV
2 1 152 153 154 AND
2 1 10 154 155 AND
2 1 144 155 156 AND
2 1 144 155 157 XOR
2 1 156 157 158 XOR
1 1 10 159 INV
1 1 144 160 INV
2 1 159 160 161 AND
2 1 21 161 162 AND
2 1 151 162 163 AND
2 1 151 162 164 XOR
2 1 163 164 165 XOR
1 1 158 166 EQW
