369 423
2 27 27
1 1

1 1 27 54 INV
2 1 0 54 55 AND
1 1 0 56 INV
2 1 27 56 57 AND
1 1 28 58 INV
1 1 57 59 INV
2 1 58 59 60 AND
2 1 1 60 61 AND
2 1 55 61 62 AND
2 1 55 61 63 XOR
2 1 62 63 64 XOR
1 1 1 65 INV
1 1 55 66 INV
2 1 65 66 67 AND
2 1 28 67 68 AND
2 1 57 68 69 AND
2 1 57 68 70 XOR
2 1 69 70 71 XOR
1 1 29 72 INV
1 1 71 73 INV
2 1 72 73 74 AND
2 1 2 74 75 AND
2 1 64 75 76 AND
2 1 64 75 77 XOR
2 1 76 77 78 XOR
1 1 2 79 INV
1 1 64 80 INV
2 1 79 80 81 AND
2 1 29 81 82 AND
2 1 71 82 83 AND
2 1 71 82 84 XOR
2 1 83 84 85 XOR
1 1 30 86 INV
1 1 85 87 INV
2 1 86 87 88 AND
2 1 3 88 89 AND
2 1 78 89 90 AND
2 1 78 89 91 XOR
2 1 90 91 92 XOR
1 1 3 93 INV
1 1 78 94 INV
2 1 93 94 95 AND
2 1 30 95 96 AND
2 1 85 96 97 AND
2 1 85 96 98 XOR
2 1 97 98 99 XOR
1 1 31 100 INV
1 1 99 101 INV
2 1 100 101 102 AND
2 1 4 102 103 AND
2 1 92 103 104 AND
2 1 92 103 105 XOR
2 1 104 105 106 XOR
1 1 4 107 INV
1 1 92 108 INV
2 1 107 108 109 AND
2 1 31 109 110 AND
2 1 99 110 111 AND
2 1 99 110 112 XOR
2 1 111 112 113 XOR
1 1 32 114 INV
1 1 113 115 INV
2 1 114 115 116 AND
2 1 5 116 117 AND
2 1 106 117 118 AND
2 1 106 117 119 XOR
2 1 118 119 120 XOR
1 1 5 121 INV
1 1 106 122 INV
2 1 121 122 123 AND
2 1 32 123 124 AND
2 1 113 124 125 AND
2 1 113 124 126 XOR
2 1 125 126 127 XOR
1 1 33 128 INV
1 1 127 129 INV
2 1 128 129 130 AND
2 1 6 130 131 AND
2 1 120 131 132 AND
2 1 120 131 133 XOR
2 1 132 133 134 XOR
1 1 6 135 INV
1 1 120 136 INV
2 1 135 136 137 AND
2 1 33 137 138 AND
2 1 127 138 139 AND
2 1 127 138 140 XOR
2 1 139 140 141 XOR
1 1 34 142 INV
1 1 141 143 INV
2 1 142 143 144 AND
2 1 7 144 145 AND
2 1 134 145 146 AND
2 1 134 145 147 XOR
2 1 146 147 148 XOR
1 1 7 149 INV
1 1 134 150 INV
2 1 149 150 151 AND
2 1 34 151 152 AND
2 1 141 152 153 AND
2 1 141 152 154 XOR
2 1 153 154 155 XOR
1 1 35 156 INV
1 1 155 157 INV
2 1 156 157 158 AND
2 1 8 158 159 AND
2 1 148 159 160 AND
2 1 148 159 161 XOR
2 1 160 161 162 XOR
1 1 8 163 INV
1 1 148 164 INV
2 1 163 164 165 AND
2 1 35 165 166 AND
2 1 155 166 167 AND
2 1 155 166 168 XOR
2 1 167 168 169 XOR
1 1 36 170 INV
1 1 169 171 INV
2 1 170 171 172 AND
2 1 9 172 173 AND
2 1 162 173 174 AND
2 1 162 173 175 XOR
2 1 174 175 176 XOR
1 1 9 177 INV
1 1 162 178 INV
2 1 177 178 179 AND
2 1 36 179 180 AND
2 1 169 180 181 AND
2 1 169 180 182 XOR
2 1 181 182 183 XOR
1 1 37 184 INV
1 1 183 185 INV
2 1 184 185 186 AND
2 1 10 186 187 AND
2 1 176 187 188 AND
2 1 176 187 189 XOR
2 1 188 189 190 XOR
1 1 10 191 INV
1 1 176 192 INV
2 1 191 192 193 AND
2 1 37 193 194 AND
2 1 183 194 195 AND
2 1 183 194 196 XOR
2 1 195 196 197 XOR
1 1 38 198 INV
1 1 197 199 INV
2 1 198 199 200 AND
2 1 11 200 201 AND
2 1 190 201 202 AND
2 1 190 201 203 XOR
2 1 202 203 204 XOR
1 1 11 205 INV
1 1 190 206 INV
2 1 205 206 207 AND
2 1 38 207 208 AND
2 1 197 208 209 AND
2 1 197 208 210 XOR
2 1 209 210 211 XOR
1 1 39 212 INV
1 1 211 213 INV
2 1 212 213 214 AND
2 1 12 214 215 AND
2 1 204 215 216 AND
2 1 204 215 217 XOR
2 1 216 217 218 XOR
1 1 12 219 INV
1 1 204 220 INV
2 1 219 220 221 AND
2 1 39 221 222 AND
2 1 211 222 223 AND
2 1 211 222 224 XOR
2 1 223 224 225 XOR
1 1 40 226 INV
1 1 225 227 INV
2 1 226 227 228 AND
2 1 13 228 229 AND
2 1 218 229 230 AND
2 1 218 229 231 XOR
2 1 230 231 232 XOR
1 1 13 233 INV
1 1 218 234 INV
2 1 233 234 235 AND
2 1 40 235 236 AND
2 1 225 236 237 AND
2 1 225 236 238 XOR
2 1 237 238 239 XOR
1 1 41 240 INV
1 1 239 241 INV
2 1 240 241 242 AND
2 1 14 242 243 AND
2 1 232 243 244 AND
2 1 232 243 245 XOR
2 1 244 245 246 XOR
1 1 14 247 INV
1 1 232 248 INV
2 1 247 248 249 AND
2 1 41 249 250 AND
2 1 239 250 251 AND
2 1 239 250 252 XOR
2 1 251 252 253 XOR
1 1 42 254 INV
1 1 253 255 INV
2 1 254 255 256 AND
2 1 15 256 257 AND
2 1 246 257 258 AND
2 1 246 257 259 XOR
2 1 258 259 260 XOR
1 1 15 261 INV
1 1 246 262 INV
2 1 261 262 263 AND
2 1 42 263 264 AND
2 1 253 264 265 AND
2 1 253 264 266 XOR
2 1 265 266 267 XOR
1 1 43 268 INV
1 1 267 269 INV
2 1 268 269 270 AND
2 1 16 270 271 AND
2 1 260 271 272 AND
2 1 260 271 273 XOR
2 1 272 273 274 XOR
1 1 16 275 INV
1 1 260 276 INV
2 1 275 276 277 AND
2 1 43 277 278 AND
2 1 267 278 279 AND
2 1 267 278 280 XOR
2 1 279 280 281 XOR
1 1 44 282 INV
1 1 281 283 INV
2 1 282 283 284 AND
2 1 17 284 285 AND
2 1 274 285 286 AND
2 1 274 285 287 XOR
2 1 286 287 288 XOR
1 1 17 289 INV
1 1 274 290 INV
2 1 289 290 291 AND
2 1 44 291 292 AND
2 1 281 292 293 AND
2 1 281 292 294 XOR
2 1 293 294 295 XOR
1 1 45 296 INV
1 1 295 297 INV
2 1 296 297 298 AND
2 1 18 298 299 AND
2 1 288 299 300 AND
2 1 288 299 301 XOR
2 1 300 301 302 XOR
1 1 18 303 INV
1 1 288 304 INV
2 1 303 304 305 AND
2 1 45 305 306 AND
2 1 295 306 307 AND
2 1 295 306 308 XOR
2 1 307 308 309 XOR
1 1 46 310 INV
1 1 309 311 INV
2 1 310 311 312 AND
2 1 19 312 313 AND
2 1 302 313 314 AND
2 1 302 313 315 XOR
2 1 314 315 316 XOR
1 1 19 317 INV
1 1 302 318 INV
2 1 317 318 319 AND
2 1 46 319 320 AND
2 1 309 320 321 AND
2 1 309 320 322 XOR
2 1 321 322 323 XOR
1 1 47 324 INV
1 1 323 325 INV
2 1 324 325 326 AND
2 1 20 326 327 AND
2 1 316 327 328 AND
2 1 316 327 329 XOR
2 1 328 329 330 XOR
1 1 20 331 INV
1 1 316 332 INV
2 1 331 332 333 AND
2 1 47 333 334 AND
2 1 323 334 335 AND
2 1 323 334 336 XOR
2 1 335 336 337 XOR
1 1 48 338 INV
1 1 337 339 INV
2 1 338 339 340 AND
2 1 21 340 341 AND
2 1 330 341 342 AND
2 1 330 341 343 XOR
2 1 342 343 344 XOR
1 1 21 345 INV
1 1 330 346 INV
2 1 345 346 347 AND
2 1 48 347 348 AND
2 1 337 348 349 AND
2 1 337 348 350 XOR
2 1 349 350 351 XOR
1 1 49 352 INV
1 1 351 353 INV
2 1 352 353 354 AND
2 1 22 354 355 AND
2 1 344 355 356 AND
2 1 344 355 357 XOR
2 1 356 357 358 XOR
1 1 22 359 INV
1 1 344 360 INV
2 1 359 360 361 AND
2 1 49 361 362 AND
2 1 351 362 363 AND
2 1 351 362 364 XOR
2 1 363 364 365 XOR
1 1 50 366 INV
1 1 365 367 INV
2 1 366 367 368 AND
2 1 23 368 369 AND
2 1 358 369 370 AND
2 1 358 369 371 XOR
2 1 370 371 372 XOR
1 1 23 373 INV
1 1 358 374 INV
2 1 373 374 375 AND
2 1 50 375 376 AND
2 1 365 376 377 AND
2 1 365 376 378 XOR
2 1 377 378 379 XOR
1 1 51 380 INV
1 1 379 381 INV
2 1 380 381 382 AND
2 1 24 382 383 AND
2 1 372 383 384 AND
2 1 372 383 385 XOR
2 1 384 385 386 XOR
1 1 24 387 INV
1 1 372 388 INV
2 1 387 388 389 AND
2 1 51 389 390 AND
2 1 379 390 391 AND
2 1 379 390 392 XOR
2 1 391 392 393 XOR
1 1 52 394 INV
1 1 393 395 INV
2 1 394 395 396 AND
2 1 25 396 397 AND
2 1 386 397 398 AND
2 1 386 397 399 XOR
2 1 398 399 400 XOR
1 1 25 401 INV
1 1 386 402 INV
2 1 401 402 403 AND
2 1 52 403 404 AND
2 1 393 404 405 AND
2 1 393 404 406 XOR
2 1 405 406 407 XOR
1 1 53 408 INV
1 1 407 409 INV
2 1 408 409 410 AND
2 1 26 410 411 AND
2 1 400 411 412 AND
2 1 400 411 413 XOR
2 1 412 413 414 XOR
1 1 26 415 INV
1 1 400 416 INV
2 1 415 416 417 AND
2 1 53 417 418 AND
2 1 407 418 419 AND
2 1 407 418 420 XOR
2 1 419 420 421 XOR
1 1 414 422 EQW
