131 151
2 10 10
1 1

1 1 10 20 INV
2 1 0 20 21 AND
1 1 0 22 INV
2 1 10 22 23 AND
1 1 11 24 INV
1 1 23 25 INV
2 1 24 25 26 AND
2 1 1 26 27 AND
2 1 21 27 28 AND
2 1 21 27 29 XOR
2 1 28 29 30 XOR
1 1 1 31 INV
1 1 21 32 INV
2 1 31 32 33 AND
2 1 11 33 34 AND
2 1 23 34 35 AND
2 1 23 34 36 XOR
2 1 35 36 37 XOR
1 1 12 38 INV
1 1 37 39 INV
2 1 38 39 40 AND
2 1 2 40 41 AND
2 1 30 41 42 AND
2 1 30 41 43 XOR
2 1 42 43 44 XOR
1 1 2 45 INV
1 1 30 46 INV
2 1 45 46 47 AND
2 1 12 47 48 AND
2 1 37 48 49 AND
2 1 37 48 50 XOR
2 1 49 50 51 XOR
1 1 13 52 INV
1 1 51 53 INV
2 1 52 53 54 AND
2 1 3 54 55 AND
2 1 44 55 56 AND
2 1 44 55 57 XOR
2 1 56 57 58 XOR
1 1 3 59 INV
1 1 44 60 INV
2 1 59 60 61 AND
2 1 13 61 62 AND
2 1 51 62 63 AND
2 1 51 62 64 XOR
2 1 63 64 65 XOR
1 1 14 66 INV
1 1 65 67 INV
2 1 66 67 68 AND
2 1 4 68 69 AND
2 1 58 69 70 AND
2 1 58 69 71 XOR
2 1 70 71 72 XOR
1 1 4 73 INV
1 1 58 74 INV
2 1 73 74 75 AND
2 1 14 75 76 AND
2 1 65 76 77 AND
2 1 65 76 78 XOR
2 1 77 78 79 XOR
1 1 15 80 INV
1 1 79 81 INV
2 1 80 81 82 AND
2 1 5 82 83 AND
2 1 72 83 84 AND
2 1 72 83 85 XOR
2 1 84 85 86 XOR
1 1 5 87 INV
1 1 72 88 INV
2 1 87 88 89 AND
2 1 15 89 90 AND
2 1 79 90 91 AND
2 1 79 90 92 XOR
2 1 91 92 93 XOR
1 1 16 94 INV
1 1 93 95 INV
2 1 94 95 96 AND
2 1 6 96 97 AND
2 1 86 97 98 AND
2 1 86 97 99 XOR
2 1 98 99 100 XOR
1 1 6 101 INV
1 1 86 102 INV
2 1 101 102 103 AND
2 1 16 103 104 AND
2 1 93 104 105 AND
2 1 93 104 106 XOR
2 1 105 106 107 XOR
1 1 17 108 INV
1 1 107 109 INV
2 1 108 109 110 AND
2 1 7 110 111 AND
2 1 100 111 112 AND
2 1 100 111 113 XOR
2 1 112 113 114 XOR
1 1 7 115 INV
1 1 100 116 INV
2 1 115 116 117 AND
2 1 17 117 118 AND
2 1 107 118 119 AND
2 1 107 118 120 XOR
2 1 119 120 121 XOR
1 1 18 122 INV
1 1 121 123 INV
2 1 122 123 124 AND
2 1 8 124 125 AND
2 1 114 125 126 AND
2 1 114 125 127 XOR
2 1 126 127 128 XOR
1 1 8 129 INV
1 1 114 130 INV
2 1 129 130 131 AND
2 1 18 131 132 AND
2 1 121 132 133 AND
2 1 121 132 134 XOR
2 1 133 134 135 XOR
1 1 19 136 INV
1 1 135 137 INV
2 1 136 137 138 AND
2 1 9 138 139 AND
2 1 128 139 140 AND
2 1 128 139 141 XOR
2 1 140 141 142 XOR
1 1 9 143 INV
1 1 128 144 INV
2 1 143 144 145 AND
2 1 19 145 146 AND
2 1 135 146 147 AND
2 1 135 146 148 XOR
2 1 147 148 149 XOR
1 1 142 150 EQW
