229 263
2 17 17
1 1

1 1 17 34 INV
2 1 0 34 35 AND
1 1 0 36 INV
2 1 17 36 37 AND
1 1 18 38 INV
1 1 37 39 INV
2 1 38 39 40 AND
2 1 1 40 41 AND
2 1 35 41 42 AND
2 1 35 41 43 XOR
2 1 42 43 44 XOR
1 1 1 45 INV
1 1 35 46 INV
2 1 45 46 47 AND
2 1 18 47 48 AND
2 1 37 48 49 AND
2 1 37 48 50 XOR
2 1 49 50 51 XOR
1 1 19 52 INV
1 1 51 53 INV
2 1 52 53 54 AND
2 1 2 54 55 AND
2 1 44 55 56 AND
2 1 44 55 57 XOR
2 1 56 57 58 XOR
1 1 2 59 INV
1 1 44 60 INV
2 1 59 60 61 AND
2 1 19 61 62 AND
2 1 51 62 63 AND
2 1 51 62 64 XOR
2 1 63 64 65 XOR
1 1 20 66 INV
1 1 65 67 INV
2 1 66 67 68 AND
2 1 3 68 69 AND
2 1 58 69 70 AND
2 1 58 69 71 XOR
2 1 70 71 72 XOR
1 1 3 73 INV
1 1 58 74 INV
2 1 73 74 75 AND
2 1 20 75 76 AND
2 1 65 76 77 AND
2 1 65 76 78 XOR
2 1 77 78 79 XOR
1 1 21 80 INV
1 1 79 81 INV
2 1 80 81 82 AND
2 1 4 82 83 AND
2 1 72 83 84 AND
2 1 72 83 85 XOR
2 1 84 85 86 XOR
1 1 4 87 INV
1 1 72 88 INV
2 1 87 88 89 AND
2 1 21 89 90 AND
2 1 79 90 91 AND
2 1 79 90 92 XOR
2 1 91 92 93 XOR
1 1 22 94 INV
1 1 93 95 INV
2 1 94 95 96 AND
2 1 5 96 97 AND
2 1 86 97 98 AND
2 1 86 97 99 XOR
2 1 98 99 100 XOR
1 1 5 101 INV
1 1 86 102 INV
2 1 101 102 103 AND
2 1 22 103 104 AND
2 1 93 104 105 AND
2 1 93 104 106 XOR
2 1 105 106 107 XOR
1 1 23 108 INV
1 1 107 109 INV
2 1 108 109 110 AND
2 1 6 110 111 AND
2 1 100 111 112 AND
2 1 100 111 113 XOR
2 1 112 113 114 XOR
1 1 6 115 INV
1 1 100 116 INV
2 1 115 116 117 AND
2 1 23 117 118 AND
2 1 107 118 119 AND
2 1 107 118 120 XOR
2 1 119 120 121 XOR
1 1 24 122 INV
1 1 121 123 INV
2 1 122 123 124 AND
2 1 7 124 125 AND
2 1 114 125 126 AND
2 1 114 125 127 XOR
2 1 126 127 128 XOR
1 1 7 129 INV
1 1 114 130 INV
2 1 129 130 131 AND
2 1 24 131 132 AND
2 1 121 132 133 AND
2 1 121 132 134 XOR
2 1 133 134 135 XOR
1 1 25 136 INV
1 1 135 137 INV
2 1 136 137 138 AND
2 1 8 138 139 AND
2 1 128 139 140 AND
2 1 128 139 141 XOR
2 1 140 141 142 XOR
1 1 8 143 INV
1 1 128 144 INV
2 1 143 144 145 AND
2 1 25 145 146 AND
2 1 135 146 147 AND
2 1 135 146 148 XOR
2 1 147 148 149 XOR
1 1 26 150 INV
1 1 149 151 INV
2 1 150 151 152 AND
2 1 9 152 153 AND
2 1 142 153 154 AND
2 1 142 153 155 XOR
2 1 154 155 156 XOR
1 1 9 157 INV
1 1 142 158 INV
2 1 157 158 159 AND
2 1 26 159 160 AND
2 1 149 160 161 AND
2 1 149 160 162 XOR
2 1 161 162 163 XOR
1 1 27 164 INV
1 1 163 165 INV
2 1 164 165 166 AND
2 1 10 166 167 AND
2 1 156 167 168 AND
2 1 156 167 169 XOR
2 1 168 169 170 XOR
1 1 10 171 INV
1 1 156 172 INV
2 1 171 172 173 AND
2 1 27 173 174 AND
2 1 163 174 175 AND
2 1 163 174 176 XOR
2 1 175 176 177 XOR
1 1 28 178 INV
1 1 177 179 INV
2 1 178 179 180 AND
2 1 11 180 181 AND
2 1 170 181 182 AND
2 1 170 181 183 XOR
2 1 182 183 184 XOR
1 1 11 185 INV
1 1 170 186 INV
2 1 185 186 187 AND
2 1 28 187 188 AND
2 1 177 188 189 AND
2 1 177 188 190 XOR
2 1 189 190 191 XOR
1 1 29 192 INV
1 1 191 193 INV
2 1 192 193 194 AND
2 1 12 194 195 AND
2 1 184 195 196 AND
2 1 184 195 197 XOR
2 1 196 197 198 XOR
1 1 12 199 INV
1 1 184 200 INV
2 1 199 200 201 AND
2 1 29 201 202 AND
2 1 191 202 203 AND
2 1 191 202 204 XOR
2 1 203 204 205 XOR
1 1 30 206 INV
1 1 205 207 INV
2 1 206 207 208 AND
2 1 13 208 209 AND
2 1 198 209 210 AND
2 1 198 209 211 XOR
2 1 210 211 212 XOR
1 1 13 213 INV
1 1 198 214 INV
2 1 213 214 215 AND
2 1 30 215 216 AND
2 1 205 216 217 AND
2 1 205 216 218 XOR
2 1 217 218 219 XOR
1 1 31 220 INV
1 1 219 221 INV
2 1 220 221 222 AND
2 1 14 222 223 AND
2 1 212 223 224 AND
2 1 212 223 225 XOR
2 1 224 225 226 XOR
1 1 14 227 INV
1 1 212 228 INV
2 1 227 228 229 AND
2 1 31 229 230 AND
2 1 219 230 231 AND
2 1 219 230 232 XOR
2 1 231 232 233 XOR
1 1 32 234 INV
1 1 233 235 INV
2 1 234 235 236 AND
2 1 15 236 237 AND
2 1 226 237 238 AND
2 1 226 237 239 XOR
2 1 238 239 240 XOR
1 1 15 241 INV
1 1 226 242 INV
2 1 241 242 243 AND
2 1 32 243 244 AND
2 1 233 244 245 AND
2 1 233 244 246 XOR
2 1 245 246 247 XOR
1 1 33 248 INV
1 1 247 249 INV
2 1 248 249 250 AND
2 1 16 250 251 AND
2 1 240 251 252 AND
2 1 240 251 253 XOR
2 1 252 253 254 XOR
1 1 16 255 INV
1 1 240 256 INV
2 1 255 256 257 AND
2 1 33 257 258 AND
2 1 247 258 259 AND
2 1 247 258 260 XOR
2 1 259 260 261 XOR
1 1 254 262 EQW
