215 247
2 16 16
1 1

1 1 16 32 INV
2 1 0 32 33 AND
1 1 0 34 INV
2 1 16 34 35 AND
1 1 17 36 INV
1 1 35 37 INV
2 1 36 37 38 AND
2 1 1 38 39 AND
2 1 33 39 40 AND
2 1 33 39 41 XOR
2 1 40 41 42 XOR
1 1 1 43 INV
1 1 33 44 INV
2 1 43 44 45 AND
2 1 17 45 46 AND
2 1 35 46 47 AND
2 1 35 46 48 XOR
2 1 47 48 49 XOR
1 1 18 50 INV
1 1 49 51 INV
2 1 50 51 52 AND
2 1 2 52 53 AND
2 1 42 53 54 AND
2 1 42 53 55 XOR
2 1 54 55 56 XOR
1 1 2 57 INV
1 1 42 58 INV
2 1 57 58 59 AND
2 1 18 59 60 AND
2 1 49 60 61 AND
2 1 49 60 62 XOR
2 1 61 62 63 XOR
1 1 19 64 INV
1 1 63 65 INV
2 1 64 65 66 AND
2 1 3 66 67 AND
2 1 56 67 68 AND
2 1 56 67 69 XOR
2 1 68 69 70 XOR
1 1 3 71 INV
1 1 56 72 INV
2 1 71 72 73 AND
2 1 19 73 74 AND
2 1 63 74 75 AND
2 1 63 74 76 XOR
2 1 75 76 77 XOR
1 1 20 78 INV
1 1 77 79 INV
2 1 78 79 80 AND
2 1 4 80 81 AND
2 1 70 81 82 AND
2 1 70 81 83 XOR
2 1 82 83 84 XOR
1 1 4 85 INV
1 1 70 86 INV
2 1 85 86 87 AND
2 1 20 87 88 AND
2 1 77 88 89 AND
2 1 77 88 90 XOR
2 1 89 90 91 XOR
1 1 21 92 INV
1 1 91 93 INV
2 1 92 93 94 AND
2 1 5 94 95 AND
2 1 84 95 96 AND
2 1 84 95 97 XOR
2 1 96 97 98 XOR
1 1 5 99 INV
1 1 84 100 INV
2 1 99 100 101 AND
2 1 21 101 102 AND
2 1 91 102 103 AND
2 1 91 102 104 XOR
2 1 103 104 105 XOR
1 1 22 106 INV
1 1 105 107 INV
2 1 106 107 108 AND
2 1 6 108 109 AND
2 1 98 109 110 AND
2 1 98 109 111 XOR
2 1 110 111 112 XOR
1 1 6 113 INV
1 1 98 114 INV
2 1 113 114 115 AND
2 1 22 115 116 AND
2 1 105 116 117 AND
2 1 105 116 118 XOR
2 1 117 118 119 XOR
1 1 23 120 INV
1 1 119 121 INV
2 1 120 121 122 AND
2 1 7 122 123 AND
2 1 112 123 124 AND
2 1 112 123 125 XOR
2 1 124 125 126 XOR
1 1 7 127 INV
1 1 112 128 INV
2 1 127 128 129 AND
2 1 23 129 130 AND
2 1 119 130 131 AND
2 1 119 130 132 XOR
2 1 131 132 133 XOR
1 1 24 134 INV
1 1 133 135 INV
2 1 134 135 136 AND
2 1 8 136 137 AND
2 1 126 137 138 AND
2 1 126 137 139 XOR
2 1 138 139 140 XOR
1 1 8 141 INV
1 1 126 142 INV
2 1 141 142 143 AND
2 1 24 143 144 AND
2 1 133 144 145 AND
2 1 133 144 146 XOR
2 1 145 146 147 XOR
1 1 25 148 INV
1 1 147 149 INV
2 1 148 149 150 AND
2 1 9 150 151 AND
2 1 140 151 152 AND
2 1 140 151 153 XOR
2 1 152 153 154 XOR
1 1 9 155 INV
1 1 140 156 INV
2 1 155 156 157 AND
2 1 25 157 158 AND
2 1 147 158 159 AND
2 1 147 158 160 XOR
2 1 159 160 161 XOR
1 1 26 162 INV
1 1 161 163 INV
2 1 162 163 164 AND
2 1 10 164 165 AND
2 1 154 165 166 AND
2 1 154 165 167 XOR
2 1 166 167 168 XOR
1 1 10 169 INV
1 1 154 170 INV
2 1 169 170 171 AND
2 1 26 171 172 AND
2 1 161 172 173 AND
2 1 161 172 174 XOR
2 1 173 174 175 XOR
1 1 27 176 INV
1 1 175 177 INV
2 1 176 177 178 AND
2 1 11 178 179 AND
2 1 168 179 180 AND
2 1 168 179 181 XOR
2 1 180 181 182 XOR
1 1 11 183 INV
1 1 168 184 INV
2 1 183 184 185 AND
2 1 27 185 186 AND
2 1 175 186 187 AND
2 1 175 186 188 XOR
2 1 187 188 189 XOR
1 1 28 190 INV
1 1 189 191 INV
2 1 190 191 192 AND
2 1 12 192 193 AND
2 1 182 193 194 AND
2 1 182 193 195 XOR
2 1 194 195 196 XOR
1 1 12 197 INV
1 1 182 198 INV
2 1 197 198 199 AND
2 1 28 199 200 AND
2 1 189 200 201 AND
2 1 189 200 202 XOR
2 1 201 202 203 XOR
1 1 29 204 INV
1 1 203 205 INV
2 1 204 205 206 AND
2 1 13 206 207 AND
2 1 196 207 208 AND
2 1 196 207 209 XOR
2 1 208 209 210 XOR
1 1 13 211 INV
1 1 196 212 INV
2 1 211 212 213 AND
2 1 29 213 214 AND
2 1 203 214 215 AND
2 1 203 214 216 XOR
2 1 215 216 217 XOR
1 1 30 218 INV
1 1 217 219 INV
2 1 218 219 220 AND
2 1 14 220 221 AND
2 1 210 221 222 AND
2 1 210 221 223 XOR
2 1 222 223 224 XOR
1 1 14 225 INV
1 1 210 226 INV
2 1 225 226 227 AND
2 1 30 227 228 AND
2 1 217 228 229 AND
2 1 217 228 230 XOR
2 1 229 230 231 XOR
1 1 31 232 INV
1 1 231 233 INV
2 1 232 233 234 AND
2 1 15 234 235 AND
2 1 224 235 236 AND
2 1 224 235 237 XOR
2 1 236 237 238 XOR
1 1 15 239 INV
1 1 224 240 INV
2 1 239 240 241 AND
2 1 31 241 242 AND
2 1 231 242 243 AND
2 1 231 242 244 XOR
2 1 243 244 245 XOR
1 1 238 246 EQW
