257 295
2 19 19
1 1

1 1 19 38 INV
2 1 0 38 39 AND
1 1 0 40 INV
2 1 19 40 41 AND
1 1 20 42 INV
1 1 41 43 INV
2 1 42 43 44 AND
2 1 1 44 45 AND
2 1 39 45 46 AND
2 1 39 45 47 XOR
2 1 46 47 48 XOR
1 1 1 49 INV
1 1 39 50 INV
2 1 49 50 51 AND
2 1 20 51 52 AND
2 1 41 52 53 AND
2 1 41 52 54 XOR
2 1 53 54 55 XOR
1 1 21 56 INV
1 1 55 57 INV
2 1 56 57 58 AND
2 1 2 58 59 AND
2 1 48 59 60 AND
2 1 48 59 61 XOR
2 1 60 61 62 XOR
1 1 2 63 INV
1 1 48 64 INV
2 1 63 64 65 AND
2 1 21 65 66 AND
2 1 55 66 67 AND
2 1 55 66 68 XOR
2 1 67 68 69 XOR
1 1 22 70 INV
1 1 69 71 INV
2 1 70 71 72 AND
2 1 3 72 73 AND
2 1 62 73 74 AND
2 1 62 73 75 XOR
2 1 74 75 76 XOR
1 1 3 77 INV
1 1 62 78 INV
2 1 77 78 79 AND
2 1 22 79 80 AND
2 1 69 80 81 AND
2 1 69 80 82 XOR
2 1 81 82 83 XOR
1 1 23 84 INV
1 1 83 85 INV
2 1 84 85 86 AND
2 1 4 86 87 AND
2 1 76 87 88 AND
2 1 76 87 89 XOR
2 1 88 89 90 XOR
1 1 4 91 INV
1 1 76 92 INV
2 1 91 92 93 AND
2 1 23 93 94 AND
2 1 83 94 95 AND
2 1 83 94 96 XOR
2 1 95 96 97 XOR
1 1 24 98 INV
1 1 97 99 INV
2 1 98 99 100 AND
2 1 5 100 101 AND
2 1 90 101 102 AND
2 1 90 101 103 XOR
2 1 102 103 104 XOR
1 1 5 105 INV
1 1 90 106 INV
2 1 105 106 107 AND
2 1 24 107 108 AND
2 1 97 108 109 AND
2 1 97 108 110 XOR
2 1 109 110 111 XOR
1 1 25 112 INV
1 1 111 113 INV
2 1 112 113 114 AND
2 1 6 114 115 AND
2 1 104 115 116 AND
2 1 104 115 117 XOR
2 1 116 117 118 XOR
1 1 6 119 INV
1 1 104 120 INV
2 1 119 120 121 AND
2 1 25 121 122 AND
2 1 111 122 123 AND
2 1 111 122 124 XOR
2 1 123 124 125 XOR
1 1 26 126 INV
1 1 125 127 INV
2 1 126 127 128 AND
2 1 7 128 129 AND
2 1 118 129 130 AND
2 1 118 129 131 XOR
2 1 130 131 132 XOR
1 1 7 133 INV
1 1 118 134 INV
2 1 133 134 135 AND
2 1 26 135 136 AND
2 1 125 136 137 AND
2 1 125 136 138 XOR
2 1 137 138 139 XOR
1 1 27 140 INV
1 1 139 141 INV
2 1 140 141 142 AND
2 1 8 142 143 AND
2 1 132 143 144 AND
2 1 132 143 145 XOR
2 1 144 145 146 XOR
1 1 8 147 INV
1 1 132 148 INV
2 1 147 148 149 AND
2 1 27 149 150 AND
2 1 139 150 151 AND
2 1 139 150 152 XOR
2 1 151 152 153 XOR
1 1 28 154 INV
1 1 153 155 INV
2 1 154 155 156 AND
2 1 9 156 157 AND
2 1 146 157 158 AND
2 1 146 157 159 XOR
2 1 158 159 160 XOR
1 1 9 161 INV
1 1 146 162 INV
2 1 161 162 163 AND
2 1 28 163 164 AND
2 1 153 164 165 AND
2 1 153 164 166 XOR
2 1 165 166 167 XOR
1 1 29 168 INV
1 1 167 169 INV
2 1 168 169 170 AND
2 1 10 170 171 AND
2 1 160 171 172 AND
2 1 160 171 173 XOR
2 1 172 173 174 XOR
1 1 10 175 INV
1 1 160 176 INV
2 1 175 176 177 AND
2 1 29 177 178 AND
2 1 167 178 179 AND
2 1 167 178 180 XOR
2 1 179 180 181 XOR
1 1 30 182 INV
1 1 181 183 INV
2 1 182 183 184 AND
2 1 11 184 185 AND
2 1 174 185 186 AND
2 1 174 185 187 XOR
2 1 186 187 188 XOR
1 1 11 189 INV
1 1 174 190 INV
2 1 189 190 191 AND
2 1 30 191 192 AND
2 1 181 192 193 AND
2 1 181 192 194 XOR
2 1 193 194 195 XOR
1 1 31 196 INV
1 1 195 197 INV
2 1 196 197 198 AND
2 1 12 198 199 AND
2 1 188 199 200 AND
2 1 188 199 201 XOR
2 1 200 201 202 XOR
1 1 12 203 INV
1 1 188 204 INV
2 1 203 204 205 AND
2 1 31 205 206 AND
2 1 195 206 207 AND
2 1 195 206 208 XOR
2 1 207 208 209 XOR
1 1 32 210 INV
1 1 209 211 INV
2 1 210 211 212 AND
2 1 13 212 213 AND
2 1 202 213 214 AND
2 1 202 213 215 XOR
2 1 214 215 216 XOR
1 1 13 217 INV
1 1 202 218 INV
2 1 217 218 219 AND
2 1 32 219 220 AND
2 1 209 220 221 AND
2 1 209 220 222 XOR
2 1 221 222 223 XOR
1 1 33 224 INV
1 1 223 225 INV
2 1 224 225 226 AND
2 1 14 226 227 AND
2 1 216 227 228 AND
2 1 216 227 229 XOR
2 1 228 229 230 XOR
1 1 14 231 INV
1 1 216 232 INV
2 1 231 232 233 AND
2 1 33 233 234 AND
2 1 223 234 235 AND
2 1 223 234 236 XOR
2 1 235 236 237 XOR
1 1 34 238 INV
1 1 237 239 INV
2 1 238 239 240 AND
2 1 15 240 241 AND
2 1 230 241 242 AND
2 1 230 241 243 XOR
2 1 242 243 244 XOR
1 1 15 245 INV
1 1 230 246 INV
2 1 245 246 247 AND
2 1 34 247 248 AND
2 1 237 248 249 AND
2 1 237 248 250 XOR
2 1 249 250 251 XOR
1 1 35 252 INV
1 1 251 253 INV
2 1 252 253 254 AND
2 1 16 254 255 AND
2 1 244 255 256 AND
2 1 244 255 257 XOR
2 1 256 257 258 XOR
1 1 16 259 INV
1 1 244 260 INV
2 1 259 260 261 AND
2 1 35 261 262 AND
2 1 251 262 263 AND
2 1 251 262 264 XOR
2 1 263 264 265 XOR
1 1 36 266 INV
1 1 265 267 INV
2 1 266 267 268 AND
2 1 17 268 269 AND
2 1 258 269 270 AND
2 1 258 269 271 XOR
2 1 270 271 272 XOR
1 1 17 273 INV
1 1 258 274 INV
2 1 273 274 275 AND
2 1 36 275 276 AND
2 1 265 276 277 AND
2 1 265 276 278 XOR
2 1 277 278 279 XOR
1 1 37 280 INV
1 1 279 281 INV
2 1 280 281 282 AND
2 1 18 282 283 AND
2 1 272 283 284 AND
2 1 272 283 285 XOR
2 1 284 285 286 XOR
1 1 18 287 INV
1 1 272 288 INV
2 1 287 288 289 AND
2 1 37 289 290 AND
2 1 279 290 291 AND
2 1 279 290 292 XOR
2 1 291 292 293 XOR
1 1 286 294 EQW
