201 231
2 15 15
1 1

1 1 15 30 INV
2 1 0 30 31 AND
1 1 0 32 INV
2 1 15 32 33 AND
1 1 16 34 INV
1 1 33 35 INV
2 1 34 35 36 AND
2 1 1 36 37 AND
2 1 31 37 38 AND
2 1 31 37 39 XOR
2 1 38 39 40 XOR
1 1 1 41 INV
1 1 31 42 INV
2 1 41 42 43 AND
2 1 16 43 44 AND
2 1 33 44 45 AND
2 1 33 44 46 XOR
2 1 45 46 47 XOR
1 1 17 48 INV
1 1 47 49 INV
2 1 48 49 50 AND
2 1 2 50 51 AND
2 1 40 51 52 AND
2 1 40 51 53 XOR
2 1 52 53 54 XOR
1 1 2 55 INV
1 1 40 56 INV
2 1 55 56 57 AND
2 1 17 57 58 AND
2 1 47 58 59 AND
2 1 47 58 60 XOR
2 1 59 60 61 XOR
1 1 18 62 INV
1 1 61 63 INV
2 1 62 63 64 AND
2 1 3 64 65 AND
2 1 54 65 66 AND
2 1 54 65 67 XOR
2 1 66 67 68 XOR
1 1 3 69 INV
1 1 54 70 INV
2 1 69 70 71 AND
2 1 18 71 72 AND
2 1 61 72 73 AND
2 1 61 72 74 XOR
2 1 73 74 75 XOR
1 1 19 76 INV
1 1 75 77 INV
2 1 76 77 78 AND
2 1 4 78 79 AND
2 1 68 79 80 AND
2 1 68 79 81 XOR
2 1 80 81 82 XOR
1 1 4 83 INV
1 1 68 84 INV
2 1 83 84 85 AND
2 1 19 85 86 AND
2 1 75 86 87 AND
2 1 75 86 88 XOR
2 1 87 88 89 XOR
1 1 20 90 INV
1 1 89 91 INV
2 1 90 91 92 AND
2 1 5 92 93 AND
2 1 82 93 94 AND
2 1 82 93 95 XOR
2 1 94 95 96 XOR
1 1 5 97 INV
1 1 82 98 INV
2 1 97 98 99 AND
2 1 20 99 100 AND
2 1 89 100 101 AND
2 1 89 100 102 XOR
2 1 101 102 103 XOR
1 1 21 104 INV
1 1 103 105 INV
2 1 104 105 106 AND
2 1 6 106 107 AND
2 1 96 107 108 AND
2 1 96 107 109 XOR
2 1 108 109 110 XOR
1 1 6 111 INV
1 1 96 112 INV
2 1 111 112 113 AND
2 1 21 113 114 AND
2 1 103 114 115 AND
2 1 103 114 116 XOR
2 1 115 116 117 XOR
1 1 22 118 INV
1 1 117 119 INV
2 1 118 119 120 AND
2 1 7 120 121 AND
2 1 110 121 122 AND
2 1 110 121 123 XOR
2 1 122 123 124 XOR
1 1 7 125 INV
1 1 110 126 INV
2 1 125 126 127 AND
2 1 22 127 128 AND
2 1 117 128 129 AND
2 1 117 128 130 XOR
2 1 129 130 131 XOR
1 1 23 132 INV
1 1 131 133 INV
2 1 132 133 134 AND
2 1 8 134 135 AND
2 1 124 135 136 AND
2 1 124 135 137 XOR
2 1 136 137 138 XOR
1 1 8 139 INV
1 1 124 140 INV
2 1 139 140 141 AND
2 1 23 141 142 AND
2 1 131 142 143 AND
2 1 131 142 144 XOR
2 1 143 144 145 XOR
1 1 24 146 INV
1 1 145 147 INV
2 1 146 147 148 AND
2 1 9 148 149 AND
2 1 138 149 150 AND
2 1 138 149 151 XOR
2 1 150 151 152 XOR
1 1 9 153 INV
1 1 138 154 INV
2 1 153 154 155 AND
2 1 24 155 156 AND
2 1 145 156 157 AND
2 1 145 156 158 XOR
2 1 157 158 159 XOR
1 1 25 160 INV
1 1 159 161 INV
2 1 160 161 162 AND
2 1 10 162 163 AND
2 1 152 163 164 AND
2 1 152 163 165 XOR
2 1 164 165 166 XOR
1 1 10 167 INV
1 1 152 168 INV
2 1 167 168 169 AND
2 1 25 169 170 AND
2 1 159 170 171 AND
2 1 159 170 172 XOR
2 1 171 172 173 XOR
1 1 26 174 INV
1 1 173 175 INV
2 1 174 175 176 AND
2 1 11 176 177 AND
2 1 166 177 178 AND
2 1 166 177 179 XOR
2 1 178 179 180 XOR
1 1 11 181 INV
1 1 166 182 INV
2 1 181 182 183 AND
2 1 26 183 184 AND
2 1 173 184 185 AND
2 1 173 184 186 XOR
2 1 185 186 187 XOR
1 1 27 188 INV
1 1 187 189 INV
2 1 188 189 190 AND
2 1 12 190 191 AND
2 1 180 191 192 AND
2 1 180 191 193 XOR
2 1 192 193 194 XOR
1 1 12 195 INV
1 1 180 196 INV
2 1 195 196 197 AND
2 1 27 197 198 AND
2 1 187 198 199 AND
2 1 187 198 200 XOR
2 1 199 200 201 XOR
1 1 28 202 INV
1 1 201 203 INV
2 1 202 203 204 AND
2 1 13 204 205 AND
2 1 194 205 206 AND
2 1 194 205 207 XOR
2 1 206 207 208 XOR
1 1 13 209 INV
1 1 194 210 INV
2 1 209 210 211 AND
2 1 28 211 212 AND
2 1 201 212 213 AND
2 1 201 212 214 XOR
2 1 213 214 215 XOR
1 1 29 216 INV
1 1 215 217 INV
2 1 216 217 218 AND
2 1 14 218 219 AND
2 1 208 219 220 AND
2 1 208 219 221 XOR
2 1 220 221 222 XOR
1 1 14 223 INV
1 1 208 224 INV
2 1 223 224 225 AND
2 1 29 225 226 AND
2 1 215 226 227 AND
2 1 215 226 228 XOR
2 1 227 228 229 XOR
1 1 222 230 EQW
