187 215
2 14 14
1 1

1 1 14 28 INV
2 1 0 28 29 AND
1 1 0 30 INV
2 1 14 30 31 AND
1 1 15 32 INV
1 1 31 33 INV
2 1 32 33 34 AND
2 1 1 34 35 AND
2 1 29 35 36 AND
2 1 29 35 37 XOR
2 1 36 37 38 XOR
1 1 1 39 INV
1 1 29 40 INV
2 1 39 40 41 AND
2 1 15 41 42 AND
2 1 31 42 43 AND
2 1 31 42 44 XOR
2 1 43 44 45 XOR
1 1 16 46 INV
1 1 45 47 INV
2 1 46 47 48 AND
2 1 2 48 49 AND
2 1 38 49 50 AND
2 1 38 49 51 XOR
2 1 50 51 52 XOR
1 1 2 53 INV
1 1 38 54 INV
2 1 53 54 55 AND
2 1 16 55 56 AND
2 1 45 56 57 AND
2 1 45 56 58 XOR
2 1 57 58 59 XOR
1 1 17 60 INV
1 1 59 61 INV
2 1 60 61 62 AND
2 1 3 62 63 AND
2 1 52 63 64 AND
2 1 52 63 65 XOR
2 1 64 65 66 XOR
1 1 3 67 INV
1 1 52 68 INV
2 1 67 68 69 AND
2 1 17 69 70 AND
2 1 59 70 71 AND
2 1 59 70 72 XOR
2 1 71 72 73 XOR
1 1 18 74 INV
1 1 73 75 INV
2 1 74 75 76 AND
2 1 4 76 77 AND
2 1 66 77 78 AND
2 1 66 77 79 XOR
2 1 78 79 80 XOR
1 1 4 81 INV
1 1 66 82 INV
2 1 81 82 83 AND
2 1 18 83 84 AND
2 1 73 84 85 AND
2 1 73 84 86 XOR
2 1 85 86 87 XOR
1 1 19 88 INV
1 1 87 89 INV
2 1 88 89 90 AND
2 1 5 90 91 AND
2 1 80 91 92 AND
2 1 80 91 93 XOR
2 1 92 93 94 XOR
1 1 5 95 INV
1 1 80 96 INV
2 1 95 96 97 AND
2 1 19 97 98 AND
2 1 87 98 99 AND
2 1 87 98 100 XOR
2 1 99 100 101 XOR
1 1 20 102 INV
1 1 101 103 INV
2 1 102 103 104 AND
2 1 6 104 105 AND
2 1 94 105 106 AND
2 1 94 105 107 XOR
2 1 106 107 108 XOR
1 1 6 109 INV
1 1 94 110 INV
2 1 109 110 111 AND
2 1 20 111 112 AND
2 1 101 112 113 AND
2 1 101 112 114 XOR
2 1 113 114 115 XOR
1 1 21 116 INV
1 1 115 117 INV
2 1 116 117 118 AND
2 1 7 118 119 AND
2 1 108 119 120 AND
2 1 108 119 121 XOR
2 1 120 121 122 XOR
1 1 7 123 INV
1 1 108 124 INV
2 1 123 124 125 AND
2 1 21 125 126 AND
2 1 115 126 127 AND
2 1 115 126 128 XOR
2 1 127 128 129 XOR
1 1 22 130 INV
1 1 129 131 INV
2 1 130 131 132 AND
2 1 8 132 133 AND
2 1 122 133 134 AND
2 1 122 133 135 XOR
2 1 134 135 136 XOR
1 1 8 137 INV
1 1 122 138 INV
2 1 137 138 139 AND
2 1 22 139 140 AND
2 1 129 140 141 AND
2 1 129 140 142 XOR
2 1 141 142 143 XOR
1 1 23 144 INV
1 1 143 145 INV
2 1 144 145 146 AND
2 1 9 146 147 AND
2 1 136 147 148 AND
2 1 136 147 149 XOR
2 1 148 149 150 XOR
1 1 9 151 INV
1 1 136 152 INV
2 1 151 152 153 AND
2 1 23 153 154 AND
2 1 143 154 155 AND
2 1 143 154 156 XOR
2 1 155 156 157 XOR
1 1 24 158 INV
1 1 157 159 INV
2 1 158 159 160 AND
2 1 10 160 161 AND
2 1 150 161 162 AND
2 1 150 161 163 XOR
2 1 162 163 164 XOR
1 1 10 165 INV
1 1 150 166 INV
2 1 165 166 167 AND
2 1 24 167 168 AND
2 1 157 168 169 AND
2 1 157 168 170 XOR
2 1 169 170 171 XOR
1 1 25 172 INV
1 1 171 173 INV
2 1 172 173 174 AND
2 1 11 174 175 AND
2 1 164 175 176 AND
2 1 164 175 177 XOR
2 1 176 177 178 XOR
1 1 11 179 INV
1 1 164 180 INV
2 1 179 180 181 AND
2 1 25 181 182 AND
2 1 171 182 183 AND
2 1 171 182 184 XOR
2 1 183 184 185 XOR
1 1 26 186 INV
1 1 185 187 INV
2 1 186 187 188 AND
2 1 12 188 189 AND
2 1 178 189 190 AND
2 1 178 189 191 XOR
2 1 190 191 192 XOR
1 1 12 193 INV
1 1 178 194 INV
2 1 193 194 195 AND
2 1 26 195 196 AND
2 1 185 196 197 AND
2 1 185 196 198 XOR
2 1 197 198 199 XOR
1 1 27 200 INV
1 1 199 201 INV
2 1 200 201 202 AND
2 1 13 202 203 AND
2 1 192 203 204 AND
2 1 192 203 205 XOR
2 1 204 205 206 XOR
1 1 13 207 INV
1 1 192 208 INV
2 1 207 208 209 AND
2 1 27 209 210 AND
2 1 199 210 211 AND
2 1 199 210 212 XOR
2 1 211 212 213 XOR
1 1 206 214 EQW
