117 135
2 9 9
1 1

1 1 9 18 INV
2 1 0 18 19 AND
1 1 0 20 INV
2 1 9 20 21 AND
1 1 10 22 INV
1 1 21 23 INV
2 1 22 23 24 AND
2 1 1 24 25 AND
2 1 19 25 26 AND
2 1 19 25 27 XOR
2 1 26 27 28 XOR
1 1 1 29 INV
1 1 19 30 INV
2 1 29 30 31 AND
2 1 10 31 32 AND
2 1 21 32 33 AND
2 1 21 32 34 XOR
2 1 33 34 35 XOR
1 1 11 36 INV
1 1 35 37 INV
2 1 36 37 38 AND
2 1 2 38 39 AND
2 1 28 39 40 AND
2 1 28 39 41 XOR
2 1 40 41 42 XOR
1 1 2 43 INV
1 1 28 44 INV
2 1 43 44 45 AND
2 1 11 45 46 AND
2 1 35 46 47 AND
2 1 35 46 48 XOR
2 1 47 48 49 XOR
1 1 12 50 INV
1 1 49 51 INV
2 1 50 51 52 AND
2 1 3 52 53 AND
2 1 42 53 54 AND
2 1 42 53 55 XOR
2 1 54 55 56 XOR
1 1 3 57 INV
1 1 42 58 INV
2 1 57 58 59 AND
2 1 12 59 60 AND
2 1 49 60 61 AND
2 1 49 60 62 XOR
2 1 61 62 63 XOR
1 1 13 64 INV
1 1 63 65 INV
2 1 64 65 66 AND
2 1 4 66 67 AND
2 1 56 67 68 AND
2 1 56 67 69 XOR
2 1 68 69 70 XOR
1 1 4 71 INV
1 1 56 72 INV
2 1 71 72 73 AND
2 1 13 73 74 AND
2 1 63 74 75 AND
2 1 63 74 76 XOR
2 1 75 76 77 XOR
1 1 14 78 INV
1 1 77 79 INV
2 1 78 79 80 AND
2 1 5 80 81 AND
2 1 70 81 82 AND
2 1 70 81 83 XOR
2 1 82 83 84 XOR
1 1 5 85 INV
1 1 70 86 INV
2 1 85 86 87 AND
2 1 14 87 88 AND
2 1 77 88 89 AND
2 1 77 88 90 XOR
2 1 89 90 91 XOR
1 1 15 92 INV
1 1 91 93 INV
2 1 92 93 94 AND
2 1 6 94 95 AND
2 1 84 95 96 AND
2 1 84 95 97 XOR
2 1 96 97 98 XOR
1 1 6 99 INV
1 1 84 100 INV
2 1 99 100 101 AND
2 1 15 101 102 AND
2 1 91 102 103 AND
2 1 91 102 104 XOR
2 1 103 104 105 XOR
1 1 16 106 INV
1 1 105 107 INV
2 1 106 107 108 AND
2 1 7 108 109 AND
2 1 98 109 110 AND
2 1 98 109 111 XOR
2 1 110 111 112 XOR
1 1 7 113 INV
1 1 98 114 INV
2 1 113 114 115 AND
2 1 16 115 116 AND
2 1 105 116 117 AND
2 1 105 116 118 XOR
2 1 117 118 119 XOR
1 1 17 120 INV
1 1 119 121 INV
2 1 120 121 122 AND
2 1 8 122 123 AND
2 1 112 123 124 AND
2 1 112 123 125 XOR
2 1 124 125 126 XOR
1 1 8 127 INV
1 1 112 128 INV
2 1 127 128 129 AND
2 1 17 129 130 AND
2 1 119 130 131 AND
2 1 119 130 132 XOR
2 1 131 132 133 XOR
1 1 126 134 EQW
