299 343
2 22 22
1 1

1 1 22 44 INV
2 1 0 44 45 AND
1 1 0 46 INV
2 1 22 46 47 AND
1 1 23 48 INV
1 1 47 49 INV
2 1 48 49 50 AND
2 1 1 50 51 AND
2 1 45 51 52 AND
2 1 45 51 53 XOR
2 1 52 53 54 XOR
1 1 1 55 INV
1 1 45 56 INV
2 1 55 56 57 AND
2 1 23 57 58 AND
2 1 47 58 59 AND
2 1 47 58 60 XOR
2 1 59 60 61 XOR
1 1 24 62 INV
1 1 61 63 INV
2 1 62 63 64 AND
2 1 2 64 65 AND
2 1 54 65 66 AND
2 1 54 65 67 XOR
2 1 66 67 68 XOR
1 1 2 69 INV
1 1 54 70 INV
2 1 69 70 71 AND
2 1 24 71 72 AND
2 1 61 72 73 AND
2 1 61 72 74 XOR
2 1 73 74 75 XOR
1 1 25 76 INV
1 1 75 77 INV
2 1 76 77 78 AND
2 1 3 78 79 AND
2 1 68 79 80 AND
2 1 68 79 81 XOR
2 1 80 81 82 XOR
1 1 3 83 INV
1 1 68 84 INV
2 1 83 84 85 AND
2 1 25 85 86 AND
2 1 75 86 87 AND
2 1 75 86 88 XOR
2 1 87 88 89 XOR
1 1 26 90 INV
1 1 89 91 INV
2 1 90 91 92 AND
2 1 4 92 93 AND
2 1 82 93 94 AND
2 1 82 93 95 XOR
2 1 94 95 96 XOR
1 1 4 97 INV
1 1 82 98 INV
2 1 97 98 99 AND
2 1 26 99 100 AND
2 1 89 100 101 AND
2 1 89 100 102 XOR
2 1 101 102 103 XOR
1 1 27 104 INV
1 1 103 105 INV
2 1 104 105 106 AND
2 1 5 106 107 AND
2 1 96 107 108 AND
2 1 96 107 109 XOR
2 1 108 109 110 XOR
1 1 5 111 INV
1 1 96 112 INV
2 1 111 112 113 AND
2 1 27 113 114 AND
2 1 103 114 115 AND
2 1 103 114 116 XOR
2 1 115 116 117 XOR
1 1 28 118 INV
1 1 117 119 INV
2 1 118 119 120 AND
2 1 6 120 121 AND
2 1 110 121 122 AND
2 1 110 121 123 XOR
2 1 122 123 124 XOR
1 1 6 125 INV
1 1 110 126 INV
2 1 125 126 127 AND
2 1 28 127 128 AND
2 1 117 128 129 AND
2 1 117 128 130 XOR
2 1 129 130 131 XOR
1 1 29 132 INV
1 1 131 133 INV
2 1 132 133 134 AND
2 1 7 134 135 AND
2 1 124 135 136 AND
2 1 124 135 137 XOR
2 1 136 137 138 XOR
1 1 7 139 INV
1 1 124 140 INV
2 1 139 140 141 AND
2 1 29 141 142 AND
2 1 131 142 143 AND
2 1 131 142 144 XOR
2 1 143 144 145 XOR
1 1 30 146 INV
1 1 145 147 INV
2 1 146 147 148 AND
2 1 8 148 149 AND
2 1 138 149 150 AND
2 1 138 149 151 XOR
2 1 150 151 152 XOR
1 1 8 153 INV
1 1 138 154 INV
2 1 153 154 155 AND
2 1 30 155 156 AND
2 1 145 156 157 AND
2 1 145 156 158 XOR
2 1 157 158 159 XOR
1 1 31 160 INV
1 1 159 161 INV
2 1 160 161 162 AND
2 1 9 162 163 AND
2 1 152 163 164 AND
2 1 152 163 165 XOR
2 1 164 165 166 XOR
1 1 9 167 INV
1 1 152 168 INV
2 1 167 168 169 AND
2 1 31 169 170 AND
2 1 159 170 171 AND
2 1 159 170 172 XOR
2 1 171 172 173 XOR
1 1 32 174 INV
1 1 173 175 INV
2 1 174 175 176 AND
2 1 10 176 177 AND
2 1 166 177 178 AND
2 1 166 177 179 XOR
2 1 178 179 180 XOR
1 1 10 181 INV
1 1 166 182 INV
2 1 181 182 183 AND
2 1 32 183 184 AND
2 1 173 184 185 AND
2 1 173 184 186 XOR
2 1 185 186 187 XOR
1 1 33 188 INV
1 1 187 189 INV
2 1 188 189 190 AND
2 1 11 190 191 AND
2 1 180 191 192 AND
2 1 180 191 193 XOR
2 1 192 193 194 XOR
1 1 11 195 INV
1 1 180 196 INV
2 1 195 196 197 AND
2 1 33 197 198 AND
2 1 187 198 199 AND
2 1 187 198 200 XOR
2 1 199 200 201 XOR
1 1 34 202 INV
1 1 201 203 INV
2 1 202 203 204 AND
2 1 12 204 205 AND
2 1 194 205 206 AND
2 1 194 205 207 XOR
2 1 206 207 208 XOR
1 1 12 209 INV
1 1 194 210 INV
2 1 209 210 211 AND
2 1 34 211 212 AND
2 1 201 212 213 AND
2 1 201 212 214 XOR
2 1 213 214 215 XOR
1 1 35 216 INV
1 1 215 217 INV
2 1 216 217 218 AND
2 1 13 218 219 AND
2 1 208 219 220 AND
2 1 208 219 221 XOR
2 1 220 221 222 XOR
1 1 13 223 INV
1 1 208 224 INV
2 1 223 224 225 AND
2 1 35 225 226 AND
2 1 215 226 227 AND
2 1 215 226 228 XOR
2 1 227 228 229 XOR
1 1 36 230 INV
1 1 229 231 INV
2 1 230 231 232 AND
2 1 14 232 233 AND
2 1 222 233 234 AND
2 1 222 233 235 XOR
2 1 234 235 236 XOR
1 1 14 237 INV
1 1 222 238 INV
2 1 237 238 239 AND
2 1 36 239 240 AND
2 1 229 240 241 AND
2 1 229 240 242 XOR
2 1 241 242 243 XOR
1 1 37 244 INV
1 1 243 245 INV
2 1 244 245 246 AND
2 1 15 246 247 AND
2 1 236 247 248 AND
2 1 236 247 249 XOR
2 1 248 249 250 XOR
1 1 15 251 INV
1 1 236 252 INV
2 1 251 252 253 AND
2 1 37 253 254 AND
2 1 243 254 255 AND
2 1 243 254 256 XOR
2 1 255 256 257 XOR
1 1 38 258 INV
1 1 257 259 INV
2 1 258 259 260 AND
2 1 16 260 261 AND
2 1 250 261 262 AND
2 1 250 261 263 XOR
2 1 262 263 264 XOR
1 1 16 265 INV
1 1 250 266 INV
2 1 265 266 267 AND
2 1 38 267 268 AND
2 1 257 268 269 AND
2 1 257 268 270 XOR
2 1 269 270 271 XOR
1 1 39 272 INV
1 1 271 273 INV
2 1 272 273 274 AND
2 1 17 274 275 AND
2 1 264 275 276 AND
2 1 264 275 277 XOR
2 1 276 277 278 XOR
1 1 17 279 INV
1 1 264 280 INV
2 1 279 280 281 AND
2 1 39 281 282 AND
2 1 271 282 283 AND
2 1 271 282 284 XOR
2 1 283 284 285 XOR
1 1 40 286 INV
1 1 285 287 INV
2 1 286 287 288 AND
2 1 18 288 289 AND
2 1 278 289 290 AND
2 1 278 289 291 XOR
2 1 290 291 292 XOR
1 1 18 293 INV
1 1 278 294 INV
2 1 293 294 295 AND
2 1 40 295 296 AND
2 1 285 296 297 AND
2 1 285 296 298 XOR
2 1 297 298 299 XOR
1 1 41 300 INV
1 1 299 301 INV
2 1 300 301 302 AND
2 1 19 302 303 AND
2 1 292 303 304 AND
2 1 292 303 305 XOR
2 1 304 305 306 XOR
1 1 19 307 INV
1 1 292 308 INV
2 1 307 308 309 AND
2 1 41 309 310 AND
2 1 299 310 311 AND
2 1 299 310 312 XOR
2 1 311 312 313 XOR
1 1 42 314 INV
1 1 313 315 INV
2 1 314 315 316 AND
2 1 20 316 317 AND
2 1 306 317 318 AND
2 1 306 317 319 XOR
2 1 318 319 320 XOR
1 1 20 321 INV
1 1 306 322 INV
2 1 321 322 323 AND
2 1 42 323 324 AND
2 1 313 324 325 AND
2 1 313 324 326 XOR
2 1 325 326 327 XOR
1 1 43 328 INV
1 1 327 329 INV
2 1 328 329 330 AND
2 1 21 330 331 AND
2 1 320 331 332 AND
2 1 320 331 333 XOR
2 1 332 333 334 XOR
1 1 21 335 INV
1 1 320 336 INV
2 1 335 336 337 AND
2 1 43 337 338 AND
2 1 327 338 339 AND
2 1 327 338 340 XOR
2 1 339 340 341 XOR
1 1 334 342 EQW
